-3.2322890041285
-2.83961173340526
-4.12542984120335
-3.37828993903804
-1.73406561070589
-1.2023265285744
-2.34180480119711
-3.30895820331805
-2.28507933404784
-3.58715022099798
-3.19426418637072
-3.20697433764123
-1.47902807067248
-1.94576733656928
-2.38527640425651
-1.07374722031676
-1.82664976301332
-1.49013514588652
-0.959582964133823
-1.06887505281124
-1.53271462539832
-0.57094406408344
-0.857392798298493
-1.02047080371215
0.551577310222247
2.57902895182792
2.56904242599136
2.84157632503225
1.37104911584716
1.62973628500605
0.657894774455636
0.817303307994274
-0.5837518224818
-0.92317773310325
-1.56886484120733
-0.914976229291604
0.334395412248885
1.48364216787891
1.92260439193618
1.05687489623336
1.40824467984481
-0.119723968013355
0.285143038214993
-1.2023128222247
-2.01029576265836
-1.82674016066128
-2.95132836526456
-1.18835641099734
-2.43051215036953
-2.37479753637285
-2.95147667114172
-0.838594992859283
-0.078047939701347
-0.285099860780345
0.484814387624181
1.1044523438404
1.32380373945646
1.21787361288327
1.63406302863856
3.52777008584641
1.63827099461173
1.23666096119189
0.572974094066994
0.266896931500968
0.283062326608177
1.38179817929706
1.70039589038813
-0.0593283960464808
-1.65413996219523
-0.430386070193005
-0.196140900966679
1.07011566932804
0.0942881962844048
0.494805962917432
-0.644098594298405
0.196295090553907
-0.476176942524701
0.182233110430388
0.806773174175911
-1.01263231798472
0.218062122630146
1.3024033121187
-0.238231953727221
0.938282664427797
0.286491604377259
-0.0865669260295584
0.855039606011302
0.76117640879482
1.64886473214774
2.06097799245637
2.90432725225461
3.27438076825987
2.1381390073346
1.91339298383752
1.49897464323229
0.00359941425125565
0.626560768249438
-0.413555869067359
-0.0820866875457908
-1.12829214321701
-1.26661596176937
-2.22028762279377
-0.347017316845244
0.355822037506636
-1.71215798765112
-2.0515585632171
-2.10130232988438
-2.66411105805527
-1.63595713355588
-0.582948206612169
0.200940166603183
1.11553856974913
-0.782901323492638
-1.83150645128602
-3.42845765024934
-1.2720138103855
-0.645138709757802
0.549768366231442
0.970464561342473
0.878355094958109
2.04046654175297
1.71960800189351
0.984582194114356
0.537798270695922
1.58534336245289
0.403547450131315
-0.543840382263263
-2.75608933615847
-1.59604130000892
-0.126826991806148
-1.30105926518178
-2.6208481666953
-1.44351233971405
-1.70421835689421
-0.842320160202836
-1.37325919457177
-1.53751667044962
-1.90733263247639
-0.56672491120576
-1.92155325842701
-1.35347871407348
-2.51793015391058
-3.15174402125194
-2.93604054387954
-2.20489814695228
-0.701894186863546
-1.13230925222624
0.371333974631162
0.525356500245009
0.111472135693263
1.04900683915019
1.38802784613223
1.53593537067777
1.87224833167038
0.137492521832792
-0.0885120889369602
0.548493005725809
2.50700400961748
1.70031845349673
1.64150037502725
2.0045176367277
1.64997554752548
1.43300979964634
2.1417397140062
1.03224040988332
-0.451264918781036
-1.82970968485591
-1.7772418144206
-3.12545294419979
-3.85087701149754
-4.1827952864072
-4.4457792436551
-2.34110961872843
-1.5420112098786
0.156666151371801
0.997379906118551
-0.282913097765429
0.269491113234192
1.26822044680366
-0.260073592708351
-0.40172560259006
-1.61646412462542
-1.15129101502169
0.34068223996927
-0.158954536094229
-1.9498762183772
-1.20735701594865
-2.3143370542327
-1.14378132547873
-1.32591599718177
-1.50677797766766
-2.24657868380287
-2.12648766319631
-1.9840117546894
-1.15478027825617
-1.23143131766835
-1.041781362024
-0.0999096694189279
0.0173838841300421
1.6447988438922
1.87644977411596
2.83072458374493
1.98575617136148
0.321873392948271
0.00835032031835181
0.0246686708234825
0.396807663769113
1.11345468854273
0.0500863337356143
-2.16540268383772
-2.86037813813267
-3.62961246930858
-1.2985759325659
-0.294437017564175
0.626532591902043
0.896381888997838
1.2262242075286
0.858429240192245
0.779328039332073
0.265582517132029
-0.147189210641388
0.910819352371171
1.80654807434792
2.37701967471084
0.440821872791069
-0.553418078016488
-1.1230822938056
0.164700201744555
-0.560652990730511
-1.5821506578753
-2.36033596009746
-2.9011723869147
-1.91066058364587
-1.05078802498991
-3.17050996505846
-2.52015250687003
-1.03576848234954
-0.0222665210622731
0.101787672041478
-2.35518546668439
-1.85312589722513
-1.81824741577994
-1.71837409454771
-1.73055173651837
-1.86559618750487
-1.26974148218603
1.41411713294856
2.62759182509306
1.38486525731536
0.64083830566466
1.17559409739113
3.24065216885951
2.92003187630419
2.39988898266027
0.780350246160546
1.80469040054879
1.48514079747218
-0.0254809254069606
0.0528110363022444
-0.215075765303746
0.0947457986991338
1.46352096467573
1.36389640676452
1.68343374801204
0.516772471493856
0.805991258837574
1.02966061775087
1.87477315992634
2.65561601252482
1.09005485107782
0.617575815057987
1.76774491813116
2.91674057348632
2.92380192593569
1.70835608936511
2.15903440878636
1.85261209715216
1.80484464896976
0.998292509723216
1.56547794223995
-0.151120668035757
-1.29694331404002
-0.525958182047212
0.895998718140526
3.10971192160799
2.42000012879399
1.73221503658247
3.38220648143567
4.24898297948954
2.17084875732981
4.38116699808863
4.26194730674528
4.46490303754915
4.52986732534514
4.45777291791876
3.39694276431637
2.31312056837466
2.14609802840264
1.48500391548725
0.739924900763408
0.61425071718312
0.535867870982623
0.909415462076735
1.36315222483096
-0.91022061321173
-1.41883199433234
-1.26571078477239
-1.35682041084156
-1.13786915263837
-0.814171401561575
-0.384930068017133
0.246849420865037
1.43292541524054
1.43147371349933
0.686386043026583
1.17258685628364
0.214074393386526
1.79067821819494
0.815869164339005
1.03723638891809
2.94431042393492
1.32688097286006
0.174716812620189
1.41091945142719
-0.476349880138095
0.741193478822702
2.75139342482719
2.62936135288439
3.30466777276721
3.67542433436561
3.59421372020275
4.88745274934175
5.00459204130697
4.73008298712757
2.38440925311886
0.619732239204296
-0.47262968616252
-2.11478950664842
-0.860134247245193
-1.44706050636121
0.997428595977988
0.374683996547373
0.294097260562601
0.635639537061604
0.142833827605596
-0.314876773140825
-0.00720429171535661
2.21401281536286
2.08548006020436
1.10459897364717
-0.602016979401096
-0.0663149904270648
-0.58111567502024
-0.815363157467166
0.0783314113224888
-0.493959036021826
-1.84492776498345
-2.52793864009924
-2.70518953086445
-2.77709280326748
-0.330894207559449
-0.410125899641758
-0.967524440302009
-1.1851955974633
-0.605364599538569
-1.61753843425929
-1.22796044488825
-0.944368589946642
0.165569875587134
2.2674215389282
1.21411029958636
2.21573469830555
1.69313074152399
2.53625614303481
4.21514897710393
3.7782941123885
2.28427618532594
-0.129065754658158
-2.05329830532508
-2.58363645995266
-0.869122399335196
-1.31953730982644
-1.18849950296325
-0.968020524561905
-1.23404570182858
0.485700229064008
2.55787979586714
-0.955127469620617
-2.5360875587482
-2.39370926983434
-1.54043363517838
-2.4664248348138
-1.49824644589195
0.0344603003430837
-0.565560416524021
0.299814106108305
0.851896791773423
0.452860068144353
-0.342551295383901
0.955475010899274
2.28289513858661
3.17141029126869
2.41343670408452
2.86465181681764
2.31121829907433
2.67982674900243
1.83936673120588
1.41221210786112
2.13716638366771
0.331938020911246
-0.738652310240303
-0.614202153107285
1.05538555130249
0.084945190020668
1.07474880947194
1.13401396392584
0.826828806580587
-0.242089450062347
0.279473542922085
1.61206781224362
1.32440034355907
-0.233064753231995
0.977515702322217
-0.741372035210619
-3.11143268178073
-3.19667537599095
-2.84477318350188
-2.71112685827841
-2.51198025736603
-2.04889508990273
-0.75215008419839
-0.961668468174603
-1.49828904517108
0.553114383135028
0.356452916275913
1.39152534889687
1.09404244187793
-0.618226224956685
2.20605564310398
1.02115009223974
1.88211505472863
1.47361031211795
0.638928560355167
-1.41450071926975
-0.12376919925671
-0.378250156172128
-1.55216598022231
0.00675834368721784
-0.186806701616093
0.762530869794561
-1.54824498419061
0.0510145449803705
-0.38729832956953
-0.56484155662857
0.875284993500873
1.53891811541071
-0.233866184844622
-0.803345645748401
-0.536570677192297
-2.27327329948099
-3.43504149330049
-2.52035649050409
-1.09506849046444
-1.20725823187056
0.321427445492477
0.314402758844991
-1.95241091809093
-2.08483908273831
-0.587085956070146
-0.712810102471769
-1.47969464423052
-2.0520552227604
-0.772169133300623
-1.2977449044543
-0.864981384854924
-0.851423146959426
0.112360915075738
1.7842392234882
2.66736006514059
2.16332479526024
3.38787433525611
3.84152260839176
1.67080745458756
1.49341642478298
2.06224173625776
1.61655823190447
2.24731114184959
2.92794563864981
2.73605382300283
2.56565138636936
1.80077820204685
1.94471745246426
0.22597049062311
0.0624769399837182
-0.583266914621874
0.211077813019446
-0.129019514358743
0.524706635640304
2.09819603650377
-0.721445711426277
-1.92699945421242
-0.33959166758319
1.02216938530711
0.758141162063239
-0.078549415521733
-1.51627883680895
0.0811034917581162
1.24105188275849
1.85688658438278
-0.811223255954448
-2.04078861669581
-3.01850763837821
-3.48785295461803
-3.73170786689076
-3.5718006032348
-1.82271926253305
-0.99921320333166
-1.99281563466333
-0.80236323605906
-2.41419549964676
-2.5190788217165
-3.29763336992731
-2.95024135692193
-3.05896838616226
-5.09102447663882
-3.24779720451185
-2.29131145039907
-1.89108861849018
-0.586301483957734
-0.687733047739988
0.442947059228052
-1.56897669509793
-2.30789654055101
-0.955919470514817
2.77640470121391
2.96263450365901
2.16263634882798
1.9100475332541
2.95440287601275
1.92035551132758
1.90347439571388
2.21860121268177
2.7083256987572
3.65854964156557
4.08636270348576
3.49588611969773
1.501243711018
1.13821627712249
1.90385595857169
0.517153826902647
-0.337261886075981
1.47420687349089
-0.00823459266466875
-0.42355809185142
-1.90866663284555
-1.8074073415298
-2.03125283710926
-0.964683072124068
-1.40925900668382
-1.66642883855834
-0.381622837292367
-0.410878115681173
-0.702771765314124
-0.73844999307521
-0.31427668653924
-0.015088756570185
2.04960315418122
0.349622537509703
0.850887477481856
2.46610020869427
2.18582041004752
2.63334847408869
1.20470851486019
0.909016853838658
-0.629541228028836
-0.186402405297321
1.246597195072
-0.213946060738408
-0.37529850938815
-1.85269013358991
-0.964102438256996
-1.19012225384398
-2.66155101875439
0.353921856367707
0.781171220160575
-0.0489312290698742
-0.926126378867241
-2.47227845395479
-1.37327364179955
-1.96989399166868
-0.850573546962215
-0.711190817697684
-0.686175028472295
-0.450717084193403
-1.03743088919925
-0.879191066287537
-1.26407261296505
1.38789677487491
1.02044531830189
-0.00529216314409287
-0.291195492112398
-0.101677519719153
-1.14342596621341
-0.181159737241626
0.17776440868555
-0.20676824440027
1.1181110687265
-0.119999193900565
-0.606063629227517
-0.652020649537358
-0.824284305236043
1.36704302827137
1.99454006102714
1.73106108927755
1.18355991722266
0.140011192784989
0.756133077987198
0.268247341736149
-1.51710563785605
-0.951763847675872
-1.67810867625002
-1.91105141614913
-2.39466157467287
-1.09023534794025
-1.67232056255953
-0.362026363263242
2.41045444013128
1.79297395521932
1.32834800021599
-0.281385404972569
0.21801350463474
1.13552854537119
0.666987019641263
0.6165445068213
0.131510847688796
0.439068877952266
0.616864523332332
3.50639736526862
2.46038775452747
3.03086765690703
1.69500905148513
1.41255496216451
1.59787368165166
0.905653694770016
0.934684643509322
2.03735602048369
0.00304526651987347
-0.781100296467479
-0.113967133717036
1.12645234895926
1.20627112685575
1.17531053480953
1.40911439335351
-0.777051057579627
0.616761438584881
0.884408042325553
0.676327517113583
-1.07773850807492
-0.410924528327117
-1.01958298628475
0.589779232912113
-1.22951930149535
-0.79136984391914
-1.33605263663254
-1.87739797265484
-2.14011711964926
0.025251732241774
-2.24027687734876
-3.40469359576547
-2.07001467781156
-0.753131013656237
0.152103676909522
-0.105127827242456
-0.780070889385595
-0.117409354174673
0.522306810267873
-1.24903382630106
-1.3354812867835
-0.561205172680228
-2.14635483965263
-1.92401109562484
-1.93780590467604
-2.73886455122172
-1.73852623683829
-1.18323128554121
-2.15670740455138
-0.957950869360463
-1.36538838674534
-2.65328348220192
-3.11829082869048
-1.40138165456796
-0.203962437646995
-0.936219305249948
-1.22481126184576
-2.11055219349645
-2.11727718646395
-2.53340539903482
-2.62771099213179
-2.87605957189621
-3.19334000869093
-2.59040385401046
-2.37650118560188
-4.91336473204019
-5.93921484339388
-4.7977432841601
-4.19773169182849
-3.55320701521044
-4.35703574762923
-4.377661645224
-4.36483580759327
-2.93991449812
-2.54016551181342
-2.35727915308028
-2.42276177160383
-2.30968683003241
-1.1249424403669
0.30573793109964
1.42874347054237
1.81418521184134
2.62685024289156
2.29000666703446
2.3310689304726
-0.0827631670339102
0.354526712549335
1.45709761981857
-0.280553461140387
-0.591193974860619
-1.08075141476635
-0.544729754432303
0.664063868660167
0.125214467337268
2.51091800069014
3.16763428536046
2.8724970198446
2.75417495979657
1.88929530142167
2.9157802613373
1.92235425998497
1.44978089183789
1.48470030818662
2.37286004674181
1.64277946395256
2.19867149205767
1.27037612401967
0.288924726038175
-0.957115492086156
-1.3036348095815
-0.923556630348246
0.579332791177395
1.906546790592
1.77426364411885
2.23511324214568
1.05348278733868
1.10093950789313
0.027890837491795
0.237961428546902
-0.518841069164875
0.295792667827037
-0.210737724500443
-0.506888483793852
0.111722635105616
0.188081702408517
0.894150977763653
0.436770640726313
0.888488193198997
0.622451084889149
-0.247796640241941
-1.75831576329495
-0.323696085212172
-2.60001287073341
-1.8737050305547
-0.734221453262743
-2.71244574365413
-1.64877792862014
-1.36544524285222
-2.24182791525271
-1.16412402450196
-1.65777069559322
-1.71263387878429
-2.04182149291174
-0.733071003960827
0.300384887447665
0.630586021857596
-0.423042672736198
0.407405090591642
0.820748229115957
0.6346671215697
1.09575602352157
1.63309589281963
0.812450441637003
-0.0833552753038672
-0.0677046142308876
0.751662005391796
1.71063898618847
1.05883170679124
-0.0615128826944776
0.213815821531098
0.150134849648462
-0.0922346279290123
-1.10489162211818
-0.744402557998298
-0.429304061782171
-1.32810289848201
-1.03984824801499
-0.0465485657510358
-1.21642837685163
0.937648076082491
0.212116965946415
1.05397000178052
0.990485638133258
-0.216038852350286
0.665357910327361
-0.6359528091429
-0.0544441143943227
0.169017575989015
-0.417872286638345
-0.310867804131009
0.399484647086587
-1.42320701753459
-0.543402953115804
-1.31325137547584
-0.406163529088563
-0.954029325937455
-0.861423650433803
-0.00492122117928162
-1.38862300793383
0.444047179633441
-0.459103598177813
-1.21091396443482
0.0561962543257575
0.160660379856765
0.37002234375821
-1.09479826668028
0.650222231226693
0.566694021702759
1.69333757701613
1.66324269707569
2.11622176216262
2.81045611446623
2.2433826192286
1.61628788519269
1.98925937710123
2.11320471017454
1.24273717789617
1.39959034636163
0.382707852419893
0.561914296346383
0.16459793214354
0.100557020721487
-0.40541327038293
-0.459418700462192
-1.84825368320726
-0.222233820880212
0.0312545932054012
0.338160464154449
1.34567660998739
0.78991611341949
0.599955463304092
-0.262769025995535
1.87500497135497
2.35489438749398
2.88436150613962
1.12337129482638
-0.642405519262675
-0.725657416170957
-0.410173362974092
-1.0189160648122
0.882587887182271
0.633380347139948
-0.210904578577331
-0.585238101169722
1.72539628011999
1.92266484987751
2.56179948888381
2.86226569981752
3.590839637265
3.44062812076036
2.63243105434524
1.61394213721748
1.49192568516732
1.35833984693386
1.78032957377266
1.55758791235473
0.506607171253066
0.00776692175467075
0.263372176766711
-0.0694761777308155
0.952386649925512
1.9171289439636
1.33090820603748
0.743317017747593
-1.02640030286244
-0.253014983296768
0.468868260540537
1.83535413020948
-0.169436070118636
1.16295222611506
0.776661952097903
2.2004784072629
3.8156179113364
4.33698097994125
3.88698810123298
4.26944408827282
3.90714552633671
4.22772513878431
3.95075054130777
2.79668334792939
2.37430304910506
2.62371786638936
3.63895589905852
3.89815705396154
2.17250364520054
1.12532223193946
2.18714437589927
1.1930653407895
0.931474550470864
2.06992076303897
1.91983427944668
2.37720644263618
1.63762766509039
2.1968714239795
1.98298289487388
2.1312190405602
2.88122595920373
1.99140552551031
2.09850110891962
3.21850218572363
4.06580445927544
3.49633305208803
2.38175211531818
-0.129771069963636
-0.747174753801948
-0.543918322012259
-0.824696541515013
1.21806832015289
-0.48315207062155
0.337333721879724
-0.948209284035357
-1.06432629711665
-0.827063321071257
-0.309384555669327
0.576282110975576
1.05881224987998
2.14268726434897
1.1360836323181
1.08184188632012
0.284277263048345
-0.55516878589616
-2.1109642329833
-2.40224463469037
-2.42847153555352
-2.63796117255768
-1.56876112688124
-1.83608619786707
-1.03803690727305
-0.158728336231863
-0.560489974489174
-1.22937540848586
-0.567202144412574
-1.27538231516202
-0.809229961770507
0.107439200324777
1.86606111294347
2.15879657225924
1.71630343825885
0.171988144178496
-0.505807269146229
0.392646495161002
0.842365470509897
0.957562115214619
0.753910387275359
0.41121453234297
1.37898530518572
1.38928082168827
1.3519894888174
1.9142967973196
1.30845422353004
1.33510756835745
0.727693987869202
1.64348980911726
0.105742969174868
1.1370012769739
0.786861827460185
1.37807718943485
2.62253341557151
1.95466309560245
1.0821438106014
-0.0977536726337168
1.04660727300809
0.621881724884993
-0.672645694722519
-0.973666406684252
-1.62673663599314
-0.639242465398648
0.0161393423219158
-0.149966917530486
-0.500128730405264
-0.968878950041572
-1.50127070007848
0.0957766602248693
