-0.683550985168445
0.824748699003525
0.975791926033175
-2.34558305542198
1.39454075590355
0.893810511538405
-0.514671915020032
0.190481368251126
-1.20711392687607
0.748153225028038
0.932210136671794
-0.509020037343654
1.58135786190529
-1.75651523804811
0.367149978782308
0.725551064092301
-2.18685949001572
1.4491485497582
-0.889152386068762
2.06605936100236
-3.2036735369594
3.68910500155702
-2.83810237127888
1.38345035305213
-1.7376190671509
1.77120270530512
0.696450038035281
-0.109103504653693
-2.85943374094391
2.21030088849152
-4.02432082780019
1.18293141052054
-2.53021664294725
1.48169175648956
-0.742237301204614
0.233984438052517
-0.448495841571984
0.64655857532263
-1.74507920807182
-1.25093365683976
-0.511345397227208
1.04779295943961
-0.0214924695332316
-0.638672632049987
-1.15379883073846
0.672204870601085
-0.244706785032788
-0.802722851039733
1.96126283893203
-1.46133464703103
2.89885459572474
-1.58301679130749
3.76208126107072
-2.49686658739402
0.139784481593352
0.615553981608726
-0.14494610697846
0.958422349578127
-0.799291272186316
-0.477093904834218
-0.620586241456909
-0.583454374326024
0.37968607919572
-1.6288144756185
1.02209305208611
-1.87477351784891
3.39906216055338
-1.19821766025616
1.23491646626995
-2.19078218395173
0.946633623471879
-1.28803560643179
1.76919784579737
1.24704698033273
-1.5967713512638
0.818545442566484
-2.20097822016109
2.72781740438716
-4.5797893612635
5.02641188384855
-3.80154364912801
2.38844828289331
-1.62587485511585
1.49649564499167
-2.16666579544819
0.579160285053567
-0.502484575289827
0.0612511749671975
1.01873707316552
-0.953357509359889
1.62099370720173
-0.17611980622006
-0.736194447443729
-0.132807225402062
0.609153514837828
-1.86148744932008
1.52598999434061
-0.634591082336326
1.19161637646832
-1.52204923026464
1.48799502663162
-1.73233301851575
1.78847609884308
-1.61737080170563
1.93664740397334
-0.877842966658014
0.30123468310637
1.9240380681951
-2.93452398043594
2.17691906416908
-1.91096968131078
1.49579235978859
1.19188588217494
-1.94352063815326
1.45376233868402
-3.07715894869887
1.9128527871316
-0.816387316004199
2.52759858752179
-1.22742136630924
0.887223414481449
-2.05683481146275
1.87189236466693
-1.47340459368851
-0.625977541973185
1.24137852410317
-1.35888021293633
2.02514792048954
-1.88475964464223
1.34144521808907
-1.07703868484488
1.29680103789652
-1.6574612413671
1.08020653450233
-0.975772773052171
1.30149568080219
-1.29937220393978
0.968376192686947
0.374766442960577
-2.72988604056736
0.473460821269108
-0.120246257998601
0.594218298251011
-0.524770730618517
1.9144926805306
-4.11336565296471
3.35172601931442
-2.35363156480585
2.01156399144896
-2.10613102467999
2.11707922104411
-0.281018985850362
-1.84860503865414
2.16828725671787
-1.08145461054941
1.06321353093737
0.549017546381745
-0.075029828063537
1.70079530835565
-0.225364807717821
-1.03614856351649
1.72990586348968
-1.99588479523119
2.72812160711423
-3.33867564624282
1.56921200368072
-0.677522209472154
0.722891426704963
-2.5662360277077
3.41358400866995
-3.90506754648481
2.18614457370712
-0.480601612501571
1.74848651112657
-3.24100668260259
2.02798785815699
-3.28235939038767
3.87845734626845
-4.73516581313172
4.84179592002491
-6.64214243050606
3.532660519871
-2.56978927732704
2.06128805667894
-0.907260492358527
-1.95979400543238
2.66945653479724
-0.917544780638624
2.23505640372856
-2.97394830616007
0.957296539503009
-1.2531124177888
1.59247049879705
-1.72821686188374
1.17200136546826
-0.0005370049400647
-0.586595295687101
0.965862225926487
-1.03289155746873
2.20853964250229
-1.19990973983656
1.03477291948165
-1.73802585578778
0.433167505746279
-1.62493891136049
1.30696516036109
-1.22638831595129
-0.158363266728307
0.870507857680578
-0.0719646124736073
-1.36066136609664
2.02167028623538
-0.466688847138184
0.843380291025729
0.204927006621858
-1.08718858412084
1.12113021182606
-2.15064494059365
1.56512332074981
-0.734777716441525
1.01088646148407
0.350149345222115
1.62782456687062
-1.17994310251903
1.89606609552463
-0.135611372411552
-0.580035823784393
0.45930309402801
0.339464178335684
0.366573381473159
-2.08073202863215
1.45914706060926
-1.01003734813834
1.58612383299067
-0.823106258421469
0.590934815547186
-1.95324505925355
1.35506713387144
-1.4037863279096
2.41211585862231
-1.85690962864267
1.48020237251322
-0.365370462719359
1.24476146876651
-2.93490557471563
3.22677152762009
-2.98386669022688
1.50470638744677
-0.591357436941529
1.60395765700683
-2.9198236111856
3.41945514529662
-2.82109159822147
2.81999860138724
-1.88351298770153
2.69980201528785
-1.42500636166939
0.132481936093362
0.7814070895037
-0.206378775753402
0.463167993705904
-0.262365996358103
0.249958239611638
1.27156074634951
-2.77306304491381
2.12583655515516
-0.462859973686641
0.790683051186419
-0.467364698540397
-0.453947050744551
0.56895696005957
-1.45411943554763
1.19180385015103
-0.231553725664702
0.388751801029364
-0.560388540765834
2.51971450346617
-2.99854059377911
2.64149490884523
-2.10982462943612
0.136723726510923
1.11331189552406
-1.26497723038542
1.04399072140243
-1.06610307441822
0.57490655103833
-1.7994605356471
0.604965655604881
-0.152705680129415
-0.739148401066847
1.03291451522862
-0.0955612209434998
1.45477228124774
-0.682579745876002
-0.0223262224051607
-0.373586560667951
0.941755462158869
-0.477198239438275
0.123625540409068
1.36692940076404
-3.06681941665212
3.37356540982944
-2.84792367771933
3.51572642326808
-2.28520060259012
3.31865327565049
-3.04735399723798
2.62584777476841
-2.11195162757969
0.443635399548548
0.589059941151621
-0.0118326248433212
-1.64376287058447
0.541600025910938
-1.12303152192992
2.57025808078653
-2.15225633419238
0.925800654501817
-0.96538429192456
-0.487865256007896
-1.03611011042661
-1.82474904856099
0.421139875801087
0.242912448386696
2.05493365125805
-1.99124789538321
1.9519196447055
-2.12387684932692
0.739051167131946
-0.248704343477711
-0.847524552440684
1.23135472319662
-1.26560247556511
0.758480750388269
0.384464744588734
-0.967925369553829
1.46763185434858
0.353178570707435
-0.0455862668617844
1.21034585632192
-3.45442533538075
4.26096496451564
-2.43495110459464
1.46384539682949
-0.894225650233886
0.500157673029548
1.30814451782458
0.49191561489305
-0.629746194254077
-1.57263487222566
0.652414930839175
0.430427681227954
-1.53203501102653
5.03820834469731
-3.38407728740881
2.85613066494835
-3.35748522164937
2.86363213454269
-2.57558523591172
1.35093900205508
-1.80806091971898
3.63044002691288
-3.32469433715582
2.52239270537116
-2.54054981048782
3.5009021250974
-1.21087160647169
-1.08935854073219
1.88384777107387
-2.85043461004364
0.519200515924244
0.94790251607001
-0.925401263102986
0.0321401694391045
0.25823086307869
-0.415128250722397
0.37862200427242
-1.52837084618678
1.71481201350222
0.857944918212043
2.17168568860555
-0.738910152144263
0.524892057273625
-1.96881211429077
1.89771588429069
-1.26603785527849
1.7041026024374
-0.17989893474036
-1.38818472934701
2.43410893281986
-1.12806636168006
2.70270555660843
-3.78102336781912
3.00904373691927
-1.6146394667876
0.164737452717868
0.434224174191738
-0.617068070320709
0.526739061275377
0.130942643636799
-1.24574556665828
2.18408537425567
-1.45184232640555
0.369941709652607
-1.6347513028075
3.16680990462839
-1.24030401692109
0.93370630942561
0.256082753483277
1.11699059689692
0.882238363244495
0.242578397404427
-0.927700794284576
0.862369855930416
-0.70676708921355
1.98193876320781
-2.1359876431265
-0.356495110379502
-2.1119576442654
0.880810745486676
0.306587145545379
-1.64250306942296
3.06564475149306
-2.28226457223918
1.05976881193301
0.286237850449026
0.270522207975444
-0.496836091715963
0.47624339212685
1.46016725728624
-1.17026880232083
1.77489042106254
0.428905696716687
-1.05489807055336
1.62336588200029
-2.15936383776949
-0.311136994281391
-1.45328675690541
2.65095273591347
-2.27695886571703
2.21628961325848
0.246907924743625
-0.851672498067451
1.14532194792542
-0.627133173083211
0.548378233991296
-0.743834369661148
-0.193327875435049
0.20484709280036
-0.561881043981708
0.0126669485457672
-0.14367009685046
0.0501071580145403
0.559796114130644
-1.24733052315638
-0.77867142998233
-0.926048187686084
2.1315926442006
-0.53615733385737
-0.877098872473142
2.25853989653511
-0.831689967728167
-0.510523397966705
0.366142272677781
-0.38027679482792
2.83038339365994
-2.60665986038597
1.17849718919435
-1.99654135547796
-0.0115939732584398
0.236939168440043
-0.616781967234799
0.829357539783545
0.837201544785373
-1.08712324022399
1.47144483556771
-1.66543210251785
2.0969238666182
-2.61285246792794
2.62104672952717
-2.04924206219206
1.64031086561423
-2.37771987813682
0.212021692978173
1.78957255941224
-0.9077895672058
0.533476877046651
0.530957141789633
-0.253767881620422
-1.54759756318222
2.36562454056173
-3.73099637633414
2.44575674872221
-2.56348428517737
3.25165244863273
-2.8998921536607
1.19577922360115
-1.65292379709383
2.60379878357755
-0.553190960686649
-1.00759736414373
1.81723595390697
-2.45008169555957
0.808874268316522
0.494677021655617
-0.470360133101241
-0.770645023430706
1.73802589325892
-2.83354750182247
3.59383204465028
-1.67149527189271
1.1784440562321
-0.476783419522242
-0.602270115352498
0.616726905145995
-0.640926953175996
0.778880990263534
-1.08925046138965
-0.399588086704684
1.40415888874804
0.588436334907858
0.626306430127303
-1.72136758158522
1.97573242347541
-3.58525818585906
2.57915395308916
-2.3342996384136
3.34524626915862
-3.54713777024649
3.00770515079853
-1.42323837451752
1.32788296262415
0.496347739803852
-0.138460399117722
1.64102247376627
-0.194601524816017
-1.16970118369287
1.07199787939237
-2.31820208618084
1.5083701988577
-0.149578474136018
-0.246359603562017
1.15850173214269
-1.84324669862972
3.1011181557712
-2.0431377956991
0.795074209663532
0.217865901341119
0.53161646946211
0.0242974647062139
0.555658248713292
1.36701303393169
-0.815621402638974
0.356639578368724
1.05428961216433
0.333115684593799
-1.05110377023805
0.0272302159268583
1.26110608583073
-0.236987462020803
0.434756178001832
-1.30978308523362
0.311818523646305
0.775179580607011
-0.0675593794945349
-0.642319316803976
0.905803640901736
0.241484280201041
0.85859863099893
-0.0532770468745695
0.833354723540216
-0.785273732468851
2.60422437760541
-2.22427714841782
2.87367371269126
-3.25955235112582
4.29772078789028
-4.25660589455747
3.23569571485239
-2.75815454618566
0.299151812540452
-0.383921201133125
0.700341816617603
-1.25799690547948
1.3063392679585
-2.33669981791591
2.1951252696456
-1.32458377719936
0.475051817805138
0.695433951931368
0.817147413855129
-0.140871754133158
-0.263313149608351
1.71088261288815
-1.50326869488834
1.74606922884452
-0.692492493754026
-1.49794459995844
-0.364857563558371
1.26686551677818
1.47550633321134
-1.5042954722909
1.43122627871842
-0.977183444982691
1.52515773636468
-2.06535238574837
1.80170675796943
-0.212090172056872
0.710377155697523
0.246449227764557
0.33684618014192
-0.367279763528786
0.607450004596815
-3.08656228438007
3.08757171714525
-2.5799031202143
4.2151412469473
-2.2527340681771
1.82105682468405
-3.01032764273981
0.709518672501033
0.978466333588987
0.00607488658583066
0.781932733671671
-1.46075903809982
2.38983736759565
-2.45133849820639
3.26656676089372
-1.64402453606207
2.24898739127236
-2.14948596463453
3.21879336129135
-2.10206261870143
0.0813949196075461
-0.99615068464688
0.627047021455078
-1.40288936389091
3.75480572334911
-1.94477695229558
1.27380770054834
-0.678758420619225
1.58288944024004
-2.99263647360189
1.39215465838158
-1.30654175436838
0.104800915637618
0.90206014700763
-0.457036074292976
-0.294264830286509
-1.20756126224784
1.7531320860816
-3.98940169711453
3.67293240532362
-2.92642035752005
2.16031074153447
-3.38766252040611
3.63767811015615
-3.22725557840378
4.80035659423229
-3.23368069947519
2.09693515227811
-1.67879308074408
-0.46485936935706
0.0268407753511727
1.27858738368524
0.382783650538956
-0.870502324671586
1.01341498154951
-0.344859343018107
-0.09256167953491
-0.417050772780251
1.02435506026931
-0.472283132005134
0.497763242884293
-1.73995517339279
1.54619776962811
-1.85106471557168
0.421016381966586
0.469428914242275
-0.998374458449766
0.611588909491661
-1.27098777755055
-2.21270758349077
1.48398845675178
-2.0693210497317
0.898078012733706
-1.04322765359743
0.718220572680383
-0.874930955176164
0.295613690735333
-0.71551362640808
0.102335666643294
0.0765041597517977
-0.118616273308726
-0.497663103210075
0.0899670528738465
0.0992382616090812
-0.573789520053874
0.565387476191191
-0.775387854633282
0.515811615804059
-0.0811501989939977
0.123601365862811
0.547787796818957
0.990324335865093
-3.04439800251381
3.49327649099553
-2.64530676668389
1.15463980613161
-2.06382398888329
2.13328598003366
-2.82410963530716
1.84895886521222
-1.91913386550489
2.66776629701046
-2.98755562947892
3.2171148246734
-2.05382792792749
1.55870707779729
0.142008822710923
-0.942181440961063
2.04232213423896
-2.04456159459739
3.61365011804788
-3.81726074757596
3.73593800962222
-3.1978192425082
2.86347046980875
-2.27273981924899
1.68217773263818
-1.90311144123464
1.2838248538565
-0.652028568341557
0.215622763603858
-0.0374147032957879
0.348608155892948
-0.0131100765901541
0.311869628222873
0.952254120609912
-2.69951770457971
2.89637880986124
-1.50124708961331
1.12807514223734
-2.11153917442655
1.64124511131789
-0.955304684058498
1.57323335457195
-0.610864317443191
1.08807535012475
-1.26218767580216
1.67721299095623
0.347030066996917
1.34058214300789
-1.60247810327123
1.00086184530848
-0.501100757361544
-0.0462265283383411
0.787288167845779
0.243824745206784
0.983055915606065
-0.88120905631202
-1.76312881512841
1.03504243605467
-0.503744088356628
0.24943944786759
-1.47623832452949
1.19295564562739
-0.0583795889503221
1.61590894655532
-1.66170920084376
-0.44577626380138
1.66208912426934
0.646698274812688
-0.732504331870629
-2.22377346738463
1.11694206559973
-1.164146042183
2.29454155235739
-3.16392568930787
2.5792885104515
-1.85703154516271
1.30198168108949
1.71604296963063
-0.782107466252951
0.852733568655413
0.258266917442954
1.85647889511376
-3.60427051219561
3.71385923376917
-2.31434941624741
0.799091201850102
-1.0079793472903
1.38890812752287
-1.13734634146091
0.338549225377183
-2.11591607347372
-1.2599113203849
0.833057845273379
-1.13689502316766
-0.287981214853133
-0.0288008195319672
-0.415205980023707
-0.375298656353244
0.468430483033474
-2.24986418955469
1.71363815641055
-0.361870202490222
-0.395202942444881
-0.429902983965967
1.13286448958698
-1.17260907427736
-0.466275321104898
0.649511900055793
0.407664844663199
0.680272418748732
-0.361059604194897
1.65604535573849
-1.68923088302515
1.13367031727416
-1.5535092519418
0.509984942920384
-1.7533494483123
0.899368156181788
0.881179115776374
-0.85188559863224
1.48162298250138
-1.6339695839708
1.45061008252058
-2.6812505869686
3.60240100690649
-4.46008440793199
2.26219912172225
0.103259008508536
-1.71735314383829
0.85381386012611
-1.88403993765077
1.84468831682776
-2.56188374338227
0.385295507399654
0.289860820278329
-0.509670736730078
0.815874976728932
-0.59276311837093
0.470633955972574
0.159655389860238
-1.66879549066105
3.28893427240583
-1.84710561600495
2.10206661760941
-3.74106375878776
2.85072188380488
-2.5127996491724
0.950129083353824
0.247882238469585
-0.0894157183369617
1.13023502865811
-0.635397355185659
0.128711938564795
0.518699335879515
-1.07008955418528
1.70520587822557
-0.451345092783694
-1.35531503937779
2.0421589265753
-1.802285298936
2.81228141376897
-2.06196986361221
3.16188203286623
-2.24894608061825
3.15974588123217
-3.39425965062768
2.08787764018843
-1.66418500659573
0.733747038553531
0.951430399313261
-2.02377752823046
1.577041984948
-2.09875118637541
1.98218212007704
-2.50879126842164
2.11732976920037
-1.51093077283634
3.33349219720837
-3.72989792278725
3.07178000087303
-1.02400485662751
0.468237193582447
0.373973889864139
-0.031221443682961
2.41222550038719
-2.18016289982839
1.16433940260807
1.01296506028126
-1.66242385070779
1.09459067156933
-1.59814503338612
-0.223113926549048
0.438827947438077
0.395970774942108
-0.249639676029214
-0.847690725302393
0.907754950972252
-0.633231755863573
1.58774045879262
0.24910289333531
0.590119516064138
-0.336415452214919
0.426206372390362
0.206736423334502
-0.0589812087096077
-1.54796091262108
1.19253728487306
-1.29310165773858
0.809680066067958
-1.30811236160338
2.0066471935551
-2.68535216910191
2.02192084193501
-2.75252540082189
1.53856896040186
-0.738450254132884
1.49839509229784
-0.988418316411975
-0.516731329963224
-0.213772368841795
-0.192563929794188
-0.576681962375182
0.618093806775003
0.220804859199052
-0.926213370066181
-0.549443358986474
1.60723610743646
-1.42387941489434
0.892028055569545
0.319543477098972
-0.997157772883608
0.571168604280819
-1.87648209942685
0.800492751578022
-0.97994331078781
0.922381581434566
0.304969619924148
-2.71267889686244
3.39191011448072
-3.02139307083772
3.17520003527416
-3.11402343975429
1.55247428854283
-1.26967875451125
-0.0505056483418067
-1.30996578980602
1.12342830951671
-1.80101569473724
5.10758355031002
-2.96488216126729
2.9990487302299
-1.66849300479093
3.22773201602569
-1.96602200707845
0.033755557538383
-0.874673343081098
-0.434430787206817
-0.449161137712399
1.010736621856
-0.604190188613659
-0.961056555405736
-0.200810124438253
1.08403616786798
-1.73192994472912
0.61182037392912
-1.07812641933702
1.03714636436768
-0.527784588943178
0.0128181802561775
1.51694967291824
0.699612656639063
0.13154210193172
0.335437888584535
0.935511237964503
-2.26893541321102
2.15646454845517
-2.07335433782224
1.45025203357801
-0.841824865861223
0.536874052020497
0.441215816894994
0.442970626210589
-0.744379037776267
-0.0213891272751737
0.869423753856332
0.0712144555887905
-0.203799041539969
-1.64227604650901
1.32211711343261
-0.528294506696588
-0.601473763743801
1.9438340919685
-2.15245844842874
0.992199125267959
-0.765516800567857
