-0.0733976053279202
-0.910409383710526
0.0479714968991675
-2.61038877491926
0.847999437921634
-2.04760507774151
0.380325732196
-2.6355667897564
0.94980555452278
-4.16158255537523
2.19674150381103
-2.91307956996634
1.72258500138052
-1.53506160530083
2.32584338435557
-1.97994089705158
3.56845064505767
-0.915678538773451
2.54009782786766
-0.695080601934714
2.29287790773858
-0.12037552162607
2.63339754221907
0.275399951646157
3.21213862397179
-0.509583766377472
5.09774349109026
-1.26447201688555
4.89322703175154
-0.78480181313149
4.06239733314733
-0.191722076559613
3.28085642084019
0.0336397633260121
3.57803438796371
-0.40601218151265
1.4758319725999
-1.07338328576318
0.367477096812376
-1.94921037308868
0.936401293647789
-1.12920405931794
1.62858568087584
-2.18089751175638
1.82619402725058
-3.02350473976733
2.35195685189587
-1.55656107874463
0.375040652643591
-0.849307018552119
-0.308410058216905
-1.2906306698078
-0.26414042081979
-1.79508066649407
-1.01391376505046
-1.09863548965403
-1.75786708850097
-0.159246985856446
-1.6698962323188
-0.0168477810593505
-1.42624939915053
1.06764199623361
-2.50875041766089
2.6409277782203
-3.73166934313457
4.00633184081467
-4.20430626666365
3.70294640999592
-5.78872825679357
3.3380341563429
-7.02269313494858
1.59880033453693
-7.40437152283234
0.751508559288613
-6.43168557458252
-0.612213850854145
-6.34563955724137
0.071149730720875
-6.89861416053744
0.998590835393111
-6.87140784917611
2.46652414737188
-5.2158167605683
1.89926963164949
-4.04017865648396
0.210135081261336
-4.97031768782479
0.0885628993291293
-5.03068051747993
0.831967680927288
-4.67281106138948
-1.34762240356517
-4.28542666821621
-1.73887540661635
-3.05525688486383
-1.36951603802702
-2.62261391611394
-2.59368378116065
-1.27286112583902
-3.79902814825666
-0.313173443113424
-2.26749388589675
0.229983247560286
-3.1088618862928
0.397299149020044
-1.61088238569582
0.0507930253379917
-1.30566289882413
-0.461089757304656
-1.40877597786197
-3.92733621503491
-1.98778747242616
-1.96178240253107
-3.27464858734826
-2.28899766107412
-3.66448855876866
-2.08678720392153
-1.77518693445466
-0.55147283713736
-2.06673155439685
-1.41231258746777
-0.550218429996818
-1.36270406760237
-0.711810478060424
-2.19503684427097
-0.00261640604854485
-1.74925555011019
0.153315313584531
-2.42501247506567
0.0786949542694668
-2.69540515518385
1.63892484969887
-1.89949237773851
1.73899436797662
-0.511873306808468
1.41019604464071
-0.118601809564007
0.460421549900945
-0.577323278452805
-0.251806092841749
-0.205487874135326
-2.47817627448087
-0.681895064205243
-1.81425234181105
-0.966992233224954
-1.01957066078224
0.685544882725424
-0.378895238447487
-0.351636630932611
1.42582031285471
0.208555444573325
1.08178158046217
0.70688959807775
1.3902502633405
-0.349380935990946
2.11593593481951
-0.234297020762747
0.723950646876646
-0.247197161833891
-0.329293247672258
-1.25638378686042
-0.977925819779472
-1.34045417222291
-0.56832010234747
-3.26807845704438
-3.17376501236933
-5.73601849896564
-2.83933026678305
-5.00674417581313
-4.00381764865326
-5.03135662627158
-3.07049119725191
-4.42015161997669
-1.0612626520417
-2.43930943127405
-1.23133844835535
-1.98463605330256
-1.16144975868494
-3.74016443837728
-1.59887302162948
-2.42867480426239
-2.24686463100155
-3.60438046849474
-2.2186842888128
-3.48009477260198
-2.53397395963989
-1.90024640087482
-1.96021302583069
-1.57897660671726
-2.96900296431831
-1.22797690285172
-3.26426993619488
-2.44071870716914
-2.96545924210116
-3.04216286500822
-4.91810075009157
-3.90965886743385
-3.28315575341603
-2.31480087105688
-4.06105675328422
-1.06563308560077
-1.39162221095664
-0.740433910472662
-1.74244783235321
-1.53918366610798
-2.06633763627399
-1.3223843310067
-1.57540545754612
-2.00142725179495
-1.92155728844749
-1.96912166971421
-1.32888454722679
-3.2759438481955
-2.57168660461159
-2.78936319919536
-3.45158696287233
-1.89202825368878
-2.30460410643878
0.368050194932031
-1.94587371678397
2.26338296700241
-1.58788323463906
2.01895502669324
-0.438415429852013
1.13605411760474
1.02943347656533
2.04806255698073
1.84111314483846
2.43003865406723
3.25071324091492
3.68585263540803
1.16013428876246
3.35936074782166
0.098241675408658
2.53605125989215
-2.2682713508944
-0.0508413147195244
-2.45994684045832
0.660393676448725
-1.93309964334007
1.87002326704411
-2.00828855420348
1.74844249271534
-2.57673227008411
0.113899031592338
-2.2772967775018
1.3450666557814
-1.59221659966713
0.044477787709196
-3.25860625376855
-2.24800878725361
-2.66879270847748
-3.34516252120223
-3.47127333817202
-1.65266515123621
-4.72928207287543
-2.59909180901755
-4.95726102627617
-3.20925067172127
-3.03408636066945
-2.77842847780461
-1.31406429307431
-1.16177616517367
-1.25352420211433
-1.16622740061031
-1.48965731903791
-2.83099538316161
-0.608149852800627
-3.09483259217555
-0.343799879368198
-2.60421457596496
-0.00960852757362168
-1.82749997214525
1.10999036810814
-3.49359241747209
1.26411467629261
-3.17188844986171
1.47408856572299
-4.42718819777461
0.826368994836149
-5.37999328576743
1.02184947725786
-7.20781295992318
0.564838253410341
-7.27760576356826
0.628048332605617
-8.01396856244854
1.18107673505499
-7.51522493955971
2.65378954989899
-4.15717237987072
3.16712576376727
-4.50011279651568
3.982869450836
-3.7844799161237
3.89515734873428
-2.81512478570014
5.04993630003533
-2.06067468744584
4.45029126631501
-0.740482405478863
3.3465142589757
0.775973696355108
3.60620487818729
0.396491757949236
3.43179538191913
0.622229442267487
4.26564957533939
-0.236133136669805
3.43409086508657
1.05614529786124
3.56939563592612
0.877037510133954
1.58145947742244
0.479033565156018
0.290252367047482
-0.381633046965859
0.482332033807665
1.53636582113912
-1.10698793442574
0.139875774168034
-0.86708852332234
1.38489047790044
-1.11963077495996
2.34651852086463
-0.887340919000746
1.32404200216589
-1.05715357581631
0.545964990766212
-1.26930192302439
1.19678867690279
-1.19684800090966
1.66306453942074
-1.28082489321595
1.7334704780755
-2.04747168972765
1.88223260823102
-2.30663331011653
0.468733225240993
-2.08282863556885
0.222560606354473
-2.43733722261425
-0.992130776738338
-0.832029085351071
-0.91764069908824
-1.50924627380817
-0.703836506159397
-1.77761702969206
-1.02892487315408
-0.774936855394176
0.123153691847809
1.04135011626288
1.57938219629002
1.69028023267364
0.691917456875578
1.49586346178316
1.6785055328411
0.941259507874361
-0.250423265569323
0.781467988657946
-1.3639810636565
2.58555635640667
-1.1655862643179
1.81718412983395
-0.186326348751076
1.73121332092379
-1.43552422820056
0.597903958000121
-2.26166164180835
-0.844808972460545
-1.21670805387783
-0.903586751134638
0.601888087173075
0.997180022380844
0.200617974023942
0.803690052999057
1.54308817645811
0.718853428592853
2.3459850000197
0.810417089212863
3.47391172562565
1.40365768082595
4.2058287349363
1.5493846599325
2.98299732046166
0.43508632543139
2.90640647351096
-1.79631462906112
2.96666279365616
-1.99060483778376
3.79975815765874
-0.897010515757824
5.98937040906275
0.534242158857227
4.96003182616259
1.64405520004466
3.27272210858971
-0.0280133170689714
2.34265876210191
-0.581768352003914
3.59801565193518
0.263356106944894
2.47360015461468
-0.895304856407422
2.77978607304548
-0.217467306146746
3.19524764424242
-0.333654462081611
2.09474027296725
-0.760519953618592
3.7493675095615
0.834456465103369
5.90080548023851
1.01982358028098
4.13560771830312
0.829008282591399
4.05279996968128
0.00727136282320451
3.47557877194351
-0.27348779723544
2.37382987676907
-1.45332789325158
3.62082660819994
-3.34874330608991
4.74870134579731
-1.16311055596941
4.08751878223767
-1.72863772975005
3.9284637356207
-1.49575805729829
3.0764195489458
-0.636031226828698
1.72905169739989
0.895219776765109
4.44256221107304
-0.615184104698953
3.80309039981007
-1.61571214885314
1.97823414145868
-0.557754218886172
0.938580085156127
-0.545305605092527
0.686134281219132
-0.887459260429573
1.29622478356203
-0.383858679217237
1.15257581829551
-1.92367005575719
1.10574739758175
-4.74307299543147
0.787321643627281
-4.71415483094836
-0.578828014249597
-4.19326877919997
-0.0974049252928971
-3.41626407344763
-0.44856182459238
-3.24570324776591
-3.17234086915884
-4.0468354065323
-1.96611576492942
-3.11835136094405
-1.5210725756353
-2.35332178486753
-0.958966074723332
-2.07404918308946
-0.383921278900052
-3.22728791418695
-0.023408645524959
-2.69376916639353
0.232253034627968
-2.7256110021828
0.534337979907955
-1.81366186884411
2.56848751357439
-1.91344231361634
3.03398333140464
-1.60283294203588
3.23036546692408
-0.729705481739643
2.66114441599428
-1.63910405788393
1.91891918176226
-2.6419107447207
1.90035124305198
-1.40013868644967
2.34328202342722
-1.71673497463205
2.49809125141519
-1.6065443684563
2.05171663644503
-1.75006480120496
1.92858306364394
0.626738173004073
2.67963203375977
0.495892791772957
0.994814625320592
1.65662600919185
2.98794227185388
1.70803531103342
4.33060656314712
1.74596294803313
3.71874410809954
1.45490353515799
3.96030094528257
1.63943560137924
1.31883573243295
2.05379057750876
1.5280982445423
2.31119655406201
1.22090885852164
1.19915517357396
0.908329826587766
2.07824550114611
0.945889947659614
1.87857286754293
0.377639075630527
3.87208428769123
1.41114668382874
3.93223000605393
1.26004731339704
5.23670984379257
1.25337927203901
6.28077496974628
0.935632597734562
6.19402073019006
-0.666418688264662
5.79623406407629
-0.512721167683379
5.76425386686413
-0.951659075383465
5.1964225756265
-0.563068986988873
6.3319395644998
-0.632260750075126
5.46156944002383
-0.987015332747369
5.15799937601385
-0.87940519530539
5.89492259759299
-1.42905200626237
6.10554121288966
-1.54424075782486
4.82133275786088
-3.35657571486031
5.6114573800573
-4.37985335754318
8.09957685192449
-4.7018545852289
7.63203649077019
-7.20226387580235
6.29303706143556
-7.00699437051628
6.0629958597128
-7.43041661292522
5.9905282873621
-5.19472825862251
5.16743461433612
-4.55246845598167
5.34301540191308
-4.59128902583192
5.18928213989224
-4.67712572564802
4.46726400513543
-4.60681731178869
5.99972042446234
-3.16436120404059
5.15539616428238
-3.00502113577925
4.59203743911382
-1.75647469539668
3.25831469593547
-0.936278622717132
1.07753220411381
1.11544934624679
0.819946645361365
2.25405878321268
0.883850715201804
2.37288183633633
1.30199828945295
2.26599266580712
0.841633943648964
2.75822408006097
1.62101919243093
3.73935060126247
1.17387584317278
2.41737364947407
1.39799716374444
2.61807634989843
0.141835797433219
2.73855952341974
1.15850979454745
2.54014889829002
3.21378572793968
1.90084651870255
4.31545223018507
1.88912142087573
3.86315890072988
0.770170265854761
3.80914850428001
1.68889513629321
4.06481797713321
-0.0519297160652061
4.29536170135252
-0.826627462567648
5.07509081288646
-2.21026514937748
3.31776120622071
-3.52241278469466
3.49336705076621
-3.41431145606145
3.78232027443952
-2.58351382635074
1.32035679998097
-2.67513951022468
-0.679424672011428
-2.56217948652418
-0.880340702612125
-1.3840139005609
-1.36378875157516
-0.811215283021871
-1.40125329376155
-1.62288044992579
-2.47081314330086
-1.09947187901147
-2.71320243962132
0.102878743786144
-3.84028990553135
1.58196802694459
-3.13247310818029
0.391593996524378
-4.75868569037391
1.62188188259457
-3.04610265728387
-0.36855882126411
-2.43894125527345
-0.91012734190136
-2.39066891861729
-1.86097128861454
-1.83134075710083
-3.24031841847598
-1.46950606383006
-3.19151858290485
-1.45469717172903
-2.94013766543854
-2.47460923499628
-3.09034478401046
-2.66491089378691
-1.04345151841411
-4.03351655406196
-0.941293851260884
-2.81467233852093
-0.0502994134276565
-2.35602818084759
0.66370038934799
-1.35319327474578
-0.704091909515382
-1.20760021671196
0.0213910243780239
-0.342282557600253
0.233858118501074
1.75137337189281
0.497367859829223
-0.0991171488322955
-0.553929391973342
-0.867281160663403
-0.717058160916604
-0.697977978394477
1.98647651663847
-1.02919006849854
1.32016713191486
0.881360974339101
2.11055739116762
0.696796395028284
2.73353149522347
1.02257403615401
2.90936137815686
1.69350398194092
2.4482796233704
1.71574476305622
3.18153967525899
0.0440419644744807
0.512791344548337
-0.153616322788729
-0.39996331441654
1.06473874955456
-1.47708273036082
0.785936779859375
-2.64363930501422
0.597689541250172
-2.67207631829827
0.719064311233528
-1.99573504869154
-0.17550066659693
-0.474126131949269
0.289517726669098
0.0815019022452397
-1.52568521307098
-0.182823052691983
-0.572047193683665
0.743983341993418
0.719741924579041
0.188237356628649
2.50058247889631
-0.0241874723777457
3.72108811985417
-0.705412862277811
3.33665429178811
-0.461391326926025
3.75653070048093
-0.630240290960394
2.93250233700924
-0.877268068448919
3.99678866727055
-1.89463014754407
3.31920255058818
-0.357555130987298
3.70693958604836
-0.401305256716009
3.55097782834637
-0.316880847411036
3.53940664061139
-0.317817068507742
2.16124698147701
-0.0702398570579104
1.35104059966816
-0.293079692025136
1.82766960223223
0.624578772464329
0.53616297025408
-0.917958736319897
0.905078182189414
-1.06679833670381
-0.0707458941079641
-0.541524992600577
2.23778897405042
0.191199130230707
2.58500441501689
1.47175737103126
2.135523142074
2.84523217952552
1.26386205927797
2.37261001391631
1.57975429229871
3.30023228418445
2.94314535962944
2.30298269387737
1.82105167495197
1.65694048740028
-0.262983592716819
-0.288490317113429
0.153435983932
0.494377290980608
1.30433033493082
-1.3250910590402
2.73366152046012
-2.76885805235097
1.35757198113833
-3.85963032601922
0.635646667130177
-3.33624152440894
-0.541185926802431
-2.29088443574313
0.278059139920047
-1.82408302562424
-0.35604309654755
-2.38075699601682
-0.467735067431053
-2.99017392083526
0.574074970691842
-1.69676899307301
0.623836450334047
-0.755516097501667
-2.14868897166671
-1.1623012620721
-1.25483119259905
-1.27040355465844
-2.00999280200352
-1.53331243497143
-3.2313995855033
-0.762685951283158
-1.99984859650482
-2.60111394663712
-2.05588221411912
-3.90876067151752
-2.02762489057932
-4.08620400330622
-2.36760793005164
-4.18810193747994
-2.54075140650305
-3.22369474755719
-1.67392294532385
-3.72852319101977
-1.66060226609526
-3.04716520454103
-3.29204491875505
-3.20695854745803
-2.24554305868985
-3.29325744657557
-3.3664706480658
-1.46124737757055
-3.41635094804411
-0.995848274349255
-3.48023875572333
-1.69439494791037
-2.42550246320329
-1.65116251399463
-1.12746757642044
-2.85268227892512
-0.841726477179763
-2.02447580694494
-1.81695175752237
-1.57019587970722
-0.635987016967132
1.97296491924577
-1.77647795854919
0.974901693779343
-1.27332480267208
-0.161687225323073
-2.57506009610476
0.226106653923406
-1.67795915959177
-0.842113798791872
0.201705787354287
-1.05191412469383
1.43844270176044
-0.508325171447244
0.329984161789345
0.00302240801877723
0.532011057233813
0.64597749143975
1.39200807285336
1.5696657454074
1.36554860284303
-0.0773507608135002
0.785758133988975
1.29272844545751
1.75241806205627
1.39738706729435
-0.975241723833802
-0.511070373626124
-1.53728816410366
-0.0892301418499472
-1.97636268160208
0.919418430800909
-1.98490692917427
-2.31582076138219
-2.60484564335678
-0.36866884047444
-2.77545611970156
-0.109065277053583
-0.804342883106683
-1.77036916513919
-0.831936110490344
-2.1506775643247
-2.44401256837083
-0.477225248734212
-2.59185590491284
-0.245092499053496
-3.0360678690106
1.0984173565161
-2.17367578973409
0.386882328304392
-2.52877376400003
0.865277290739991
-1.2841319091626
0.799267924784019
-0.576424151434575
-0.155098276426468
-1.89048455772596
0.175713950253238
0.672407210282307
0.12138541769766
0.8577020881838
1.37502921276918
1.15379690989257
-0.580443597896812
0.432050870257263
-0.102242735296743
1.43973487564204
1.02365266754745
0.6512812400242
3.51464474086641
0.62549618024799
1.97669500105573
1.13215651036127
0.154467527943574
1.67229524201915
-0.00953795294104348
2.75850016953583
0.0668365007814563
2.56095192930213
-0.440373560723071
1.94597121556878
-1.40931078419976
0.333796757110625
-2.19058978970906
0.186479217495584
-2.95047285125202
-1.32875827298539
-3.08605351312641
1.43860438460912
-2.89194142878542
0.943883038418096
-2.46199997499058
2.59098052375277
-1.42048962548879
2.80971371834817
-1.2296692642286
1.13422098964654
0.924703824695725
0.676456199293239
0.649840408197965
-0.0883375132345876
0.137569983805752
-0.188378260034143
-2.47326470718203
2.57494642632226
-1.47987312995529
2.62410296912923
-2.26728111030383
1.02715400505355
-2.82597591859023
4.62141678132769
-3.17690924085544
3.15295889561027
-3.00454956454964
2.64293937349782
-3.20358394006596
2.8601994312017
-3.56559025313048
3.39647804996287
-3.37958832818044
3.01357217457431
-2.85108512114493
2.78079237526382
-2.05298353628898
2.1833378068347
-0.913571359147847
1.9376883597209
0.268647326408776
-0.0306734811937845
0.410911455087619
-0.0251259235066996
-0.234811658211843
-0.492817441301309
2.72119827300935
-0.558822251974889
1.47900465855944
-1.48297530606163
1.38467428275432
-2.7695544824888
1.66161802487543
-1.57373646043623
1.7038593139096
-1.45921655159835
0.31870255721623
-1.79365952227171
-0.812029321585555
-0.999670966865534
-0.109513391310536
-2.82422886611769
-0.481614345332659
-2.16435550612522
-2.46426501415069
-2.33408186531424
-3.78401125844773
0.40498159745742
-2.63680813745315
-1.34589007057787
-1.35500119362028
-0.50828554872352
-0.842128155027512
1.96736112968365
0.0411410701697923
1.14353092496096
-0.390726310062736
3.28346908710778
0.363779924168451
2.82787291627799
1.41425409164791
1.34987045290113
1.81878135283377
1.26456118244292
1.30509551522974
2.27536629266252
3.52221532488274
0.811680437804915
2.68384850046409
0.133317352737753
2.55799662884167
0.540315199848738
0.595179147989331
1.63971883818144
1.39776610814266
1.14455322790081
1.75522224233655
0.657910956875002
-0.139064139918972
1.56764830419254
