-1.45123205958908
-1.48462163447282
-0.527349823818029
-0.638577826548214
0.146270449014266
0.41518016352361
2.12990991831248
3.05950758370516
2.14332013073351
-0.864362923826242
-1.02696160881342
-1.10973936524043
-0.368454933585312
-1.30530413157891
-2.57046121963503
-1.34772343687455
-1.5854205835897
0.354535947902677
-0.246002502886791
-1.01638873128306
-0.196312465485351
0.379437205765933
-0.272343312301528
-0.813119950518179
1.34019333256424
-1.19382690890809
-1.99398517331223
0.838222193089913
-1.09106919476159
-2.17164386334179
-0.794895019046361
-1.42764352558187
-1.83023020032672
-1.02559115873689
-0.341259253794174
-0.742246396982228
-0.423172838918378
1.4803976516649
-0.15891823149234
-1.94578436679729
-1.71546183758825
-0.3264161812092
-0.424818050329369
-1.69956564140713
-2.52256826024757
-3.60367503013936
-1.62844756255356
0.450711507229771
-0.323948009914849
-0.571721259817899
-0.588598522894328
0.83104529129832
2.3851980296352
3.59905321130576
3.35689238808706
1.395781188491
0.847259855725019
0.785762159523142
-0.395123780916608
-0.86708799933947
-1.43905589070316
-1.4742383173845
-1.00835264454169
-0.167179526482985
1.05756515193175
1.00766614746548
0.876153178371389
-1.7851993475062
-2.67477447812231
-0.777514405855956
-0.851760608199431
-0.747901960633554
0.788706888642989
2.61216802378176
0.697402289887462
-0.506893950569845
-2.05004387785079
-2.65465258549981
0.784694137273882
2.02008454637781
1.06763217274197
1.83025972682095
1.56037392539428
0.913186592318564
1.20754141855087
1.44713788740264
1.10121793052559
-0.305974456952373
3.2017425928137
4.45215782611867
2.63402299558709
1.80427448735578
1.30243535819247
0.394117235983401
-0.972570193336107
-0.0045171100808884
-0.272278070693238
-2.33355811168477
-1.49477928336168
-0.761268028627505
-1.76954123250406
-1.10547088668565
-0.875873162142231
0.882241555497525
3.15065563320204
1.34659252841439
-0.958419090012646
-0.865805675075527
-0.721103025208142
1.27068518447791
2.53372421181517
0.596948812429126
1.33966620619478
2.35917695923393
1.69012903022499
1.24864370839394
0.639341405524653
0.672523070250453
0.898138402077914
0.573239427636641
-0.5091389157327
-1.1772234776821
-1.09076946051373
-1.74473648255405
-2.88005038819043
-0.429219941938616
0.477693416095244
0.213805007139366
-1.56964920130009
-3.77371303453668
-3.16000255714461
-0.56633628696843
-0.96281663120466
-0.266275655246404
0.29460742372538
-0.227872418072837
-0.245752711562991
-0.11966362375029
0.0970119789011052
0.575404525722142
1.55765391693009
0.609357308743318
0.168246998874878
0.301759982706257
-0.299573753534651
0.458659785688701
0.871073218266343
-0.844825213296706
1.08043720600069
2.47366793433416
-0.337704033621847
0.463236211710478
-1.94334881434127
-2.58246641379215
0.10867269549819
-0.825228190874063
-2.69868543751509
-2.27587553152441
-0.425392590194247
0.111292344262469
-0.259158685105354
-1.39296935799312
-3.54466072111048
-0.066898138067137
1.41670174949229
-1.50961042794648
-2.77660533908834
-1.93447663518346
-0.610982044437911
0.00734262634454738
-0.214068345752239
-1.61274367213825
-0.268084718341986
0.279409322849419
-0.126060769240429
-0.232362396348653
1.35869405884764
1.99767110080881
2.1690323334115
2.53499493881127
-0.157292926205704
0.959324154580685
1.71312587060177
-1.22430883381197
-1.95139557350476
-2.39890236252279
-1.68371378203623
-1.20302700187467
-0.643107207163505
0.200540643008306
-0.467106439177286
-1.4197933874693
-1.00203727652183
0.459631558436601
0.516031243473263
-0.232841795322882
-1.38580901835703
0.601956636410256
3.89179777167527
3.21066902443321
0.382952938120266
0.354627234199287
-0.759582058329239
-0.802844183279051
1.00053766286448
-1.01378886485384
-3.2779342218314
-1.64434500947706
-2.37524140951441
-1.83757412468843
-0.152273164855397
-0.798075085022446
-0.598526251179214
-2.20091037976423
1.00596388083635
3.18635988224259
1.48837620715054
0.796662705810571
-0.759615857545349
-0.0796540799120367
1.18004785578762
1.20932198571986
-0.619749475575146
-1.52229890282829
-0.0970344003570034
-0.328223639435438
0.156628318537031
0.578480010610091
-0.351645060066434
0.138367939180908
-1.80680616492148
-2.11642865486529
0.106481342893134
-1.3972693033636
-0.205155062555536
1.08592467967199
1.35197146596909
-0.0363735552055449
-0.115805062559626
1.24357397527341
-0.586077408729405
1.16302533652774
1.49195962337065
-1.36471887384505
-1.14960981794771
1.58862117451496
3.60378015287475
2.85225048463806
1.60208433447572
-0.671365760577737
-2.41818580702465
-1.06584716850354
1.03643616515109
0.230974819612735
-1.01875637408323
-0.230669021780238
0.780331726215761
0.209088710704268
0.189544302993397
0.142160698705746
0.721324073139322
1.29764972149028
-0.0286853524433125
-0.743376542804169
-1.04866824923266
0.809864771388557
0.362509636562415
0.0807066736655465
0.621668783655534
0.723278185689458
0.768917270145152
-0.449562254743053
-0.779530290813907
-0.614410749471049
-0.337053925747272
0.306969041033816
0.211068538745347
-1.02796481752089
-0.0308645520381631
-0.330625975446653
-1.16815932741607
0.572691606059179
0.616046756069796
-0.224719312101339
-0.476654497311989
-0.867490603501025
-1.08946118928957
-0.741934938855895
0.202989255440668
0.617548470019713
1.88968161299976
1.43718054929891
0.735706530320837
-1.53086417470253
-1.47162733174404
-1.05118320981494
-1.30988545547182
-0.343428331605027
-0.556801415538656
2.622560924603
1.94580365775225
-0.720750180754781
-1.09591816853455
-1.27370036255698
-0.83682705741638
0.0726599307671149
0.792811779326061
0.785103890328481
0.358976479657772
0.579189717045928
0.934228910821788
1.16443483289036
0.435695328638445
1.60893075809065
1.01472576753578
-1.6012402334649
-1.5405487937252
0.499697217813075
0.849773671734388
-0.445453344286863
-0.906203552402821
0.883210501428
-0.896332472201135
-3.31990856607857
-0.884193410901065
-0.122459127471877
-0.111169757034845
-0.426484671402574
0.0757354204515019
0.411920708348503
1.56077544667906
2.06723777868406
-0.600678084775026
-1.17135914438341
0.211865296631502
-0.477895281267738
-1.38849483720711
0.267655604567467
0.0268902237767887
-0.60886101046698
0.192927698189483
-1.81364632273748
-1.0225191945914
-0.516384031725195
-1.8518261401235
2.13343756147186
0.951847689190687
-2.03462120380032
0.54569172298647
0.513345402814135
-1.90721201449116
-1.55335573047661
0.902538272701422
1.04236436314106
0.154923346495968
0.499117341261194
1.70439075172621
0.303215160073045
-0.453617516874064
-1.1608053071129
-1.28541970149831
0.239318301626187
1.29849766861386
1.67989638831702
1.22694178335902
0.759386413860475
0.835860136599053
0.732168320980228
-0.44161702385275
-0.903990098225895
-0.518450005875175
0.427013939408386
-0.302985981363778
1.28680193755887
1.6359878699134
0.335706032638146
-1.08576871185481
-0.262699688942139
1.66167034887269
1.67048523830072
-0.318963941055356
-1.79970857493249
-1.34766899586097
-0.233526201320571
1.22342807759934
-0.884588262805418
-1.15659487597684
1.94012561662484
1.67049048754157
-1.14281929674776
-2.14692406582466
-1.88930547025858
-0.697347332548577
-0.755263595889638
1.0070440908704
1.44596471066891
-1.4023605342079
-2.46836568759826
-0.573708587946688
0.221569646099813
0.308162363940859
-0.216994396202687
0.271936755604254
2.46658857034857
2.03508332555807
0.47974213035202
0.423547654556782
0.71773810749254
0.0916197289468288
0.87505608940215
0.48950450318846
-1.38299281182659
-0.61091597615223
-0.284528486000142
0.85187562327587
2.35524751665182
1.25110521894454
1.06484538449815
1.78227357633792
1.42811612396831
-0.127247024221488
-0.477049766730868
1.22849482594851
0.940948165071379
0.782442764643986
0.781692651044982
1.08454201502416
0.437176377839766
0.334860231245904
-0.0691916111079787
-0.436288917019794
0.95850060820893
3.33779513489183
1.32980543743191
0.832659912378323
1.47892195883905
2.10785830757535
1.66001902693929
0.903699405299002
-0.329439757381994
0.353702590073176
1.238126675624
-1.50875992075088
-1.70086193915156
0.183835311137732
0.961862371337397
0.143017170508512
0.132085967654486
0.859433902363533
2.36160899581957
1.49643354541065
0.261058197903404
-0.427390508131759
-1.81342228858479
-1.69969766615345
-0.437391310016893
1.55598934806952
0.35283062729384
-0.559017669527412
-0.842007136519441
-1.74149427327635
-1.37570391609732
-0.938728092684813
1.78333594005042
0.328552585452631
-1.71824263756081
-0.946557445403097
0.147833562477322
-0.314905396300632
-0.76455692520094
1.36310004032035
2.09797400734937
1.93786561232893
-0.0824312825745854
-0.910256862614941
-0.493453981179462
-0.511349355858156
-1.25066286557975
-1.39838087240258
-1.55881144746238
-1.01999221823576
-0.134179937404574
0.530438547656016
0.771740615807986
-0.787337541863147
-0.274385234525782
0.03546787582839
-0.132676944853329
0.799571685085642
1.75398399353654
1.82710557312484
-1.59348508294719
-0.934885388485899
0.892081984168528
-1.07903603521698
-0.490364570059578
-0.775981142025716
-2.56355233637314
-1.07025615234374
0.560741870602659
1.22292049619436
2.1406470486349
0.293563662518391
-0.862329483625062
-0.385868087350157
0.980593248285745
1.53743211713772
-0.52389254774344
-0.593536693903458
0.886781186345783
0.294315555039998
0.549520827857536
0.959414417342517
-0.787312372184808
-0.16371689890814
1.34881189309118
0.539217819650774
0.610319016455191
-0.131702557025136
0.659642906037239
-0.112596577881386
-1.76116581910034
-0.788978474731192
0.398416584827776
-1.15472154164696
-1.0776712691532
1.30125136992115
0.41959108793435
1.25752309619479
-0.580045884572127
-1.79443980663317
0.0707122559723336
-0.872433834401825
-1.83005509268128
0.819625078772374
3.08254654391646
0.756475377441452
-0.517084151840132
-1.2352933266961
-0.203960979664417
0.184369940343575
-0.965430657056241
0.337340145313059
1.30153227434704
-0.407261716929638
-0.107992455713305
0.793628814576202
1.15444703251894
0.337706891691786
-1.91096315880998
-2.22267188076455
-0.944567395044894
0.590453807948602
-1.60321125282217
-1.07227330055072
0.918248871037698
0.495017624099322
0.783778828662917
0.412766784207069
1.28397909189805
2.24558897249784
-0.346605165194854
-0.390718108071937
-0.314236747403267
-0.0823154373851434
0.69488998681774
0.605979316781959
-1.54676366704033
-1.66873030499331
0.201748129414054
2.15650159001179
1.28686208103891
-0.329092143001948
1.59372799799292
-0.466230588799257
-0.877715253600502
0.929926814459007
0.263897433408348
0.163673856995934
-0.00784154452753
1.27170137770154
0.869762574691401
1.65253522698398
0.643730692350324
-1.47123545083447
-0.976878148887444
-1.22189688337543
-1.51101285973547
-0.302133090542969
-1.09527650049387
-1.11970660959424
1.91285198090433
2.45348129702076
1.94436052725477
1.39122714489013
0.862191476656566
0.686212538770618
0.596596645621991
-0.152343474510364
0.643337391694736
1.73116038360715
2.4325645535081
1.63766405345197
-1.52675079221727
0.345455099570282
2.88494926097575
1.01978271774047
-1.2164579030057
-1.43160083355105
-0.61187437477169
-0.274264929341312
0.0227117527988777
1.9147601165909
1.68311612153179
1.9294523199944
0.23231207353437
-0.174956329210196
1.83907185682698
-0.269066088303166
0.0998678127424448
-0.494716812307641
-1.36080822611938
0.307237729416894
1.00755228771733
-0.157374677313087
1.7676145896292
2.05924049291362
-1.01757350979108
-1.69771147142603
-0.506334879822394
-1.69413084210458
-0.410127853823966
3.15463809571805
1.01720368188491
0.435361988870844
0.681702832739997
0.0090264287537028
1.0590796301823
1.42685470164532
-0.181481280700624
1.58846676316829
2.54100694679726
1.61969848492951
0.665215595319468
-0.905140496478798
-0.689528579760601
-1.18902488576005
-0.704603481206821
0.421564096978853
-0.179093210895135
-1.33355766641186
-2.08809444181734
0.646630006477064
1.82045350185065
1.53536846335162
1.83600213023843
-0.748800878954556
-2.19647769679859
0.625623574904591
0.42874108935209
2.38046295286271
4.1697945260223
3.83618408445607
-0.227176427418057
-2.95893639049722
-1.2955908939281
-0.315136078659449
-0.0801231023184759
-0.51960828653594
-3.4726470895719
-2.07442086469458
0.827862284300753
0.102526014487037
0.119813514183523
-0.428950035483715
-2.24713121268268
-2.25055027432868
0.204260245135315
0.791495689954509
-0.51558756988881
0.536636340577655
1.17757902862462
0.0512021575694404
0.820134732156122
1.38442212817791
-0.855633893860705
-2.29640680502416
1.50650139114287
3.26964600312809
0.372723616461115
0.0925147531737904
-0.0628074229441504
0.51343712248385
2.3035288358647
-0.273114521731201
-2.44407312162333
-1.63255844341935
-0.647723365142944
-1.9519782552911
-1.04074829553174
0.299130269814019
-1.38937143850567
-2.75071624608742
-2.51667251445786
-0.373128249438831
-0.312186491638116
-0.886718910969595
-0.314091775631718
0.00394355050465447
-0.432104329966319
-0.708907106330487
-0.508128953523441
0.0741010223732206
-0.541796805483753
-0.0913840935371859
0.945538209382685
0.66763568829043
-0.177911590920902
2.02361683893347
2.3987679892362
0.226712175807828
-1.03889535042333
-1.69437983105487
-2.62772697786408
-1.59231275686694
-0.473301452124853
-1.43030066444773
-0.827003672095941
-1.20060912089132
-2.14177625946276
-1.42677938410068
0.954707480360721
-0.116457984959679
-0.725495394247263
-1.1142383300145
-0.302114587042288
-0.623078818876277
-2.13328338829031
-0.947382871440594
1.49538712069816
2.10378053404063
1.01407792148377
2.41731675638502
0.762079547362145
-2.09867484832674
-1.80923945359453
-1.32965166091212
-0.476226650309269
0.754782541080068
0.014349971934228
0.23830496293734
0.139947781925672
2.29794649794374
2.58238059890164
-0.252555103498644
-2.03927446847123
-1.14395875473674
0.164290361126574
0.899101335287187
0.61678958575535
0.9207529158483
-0.473175875221952
-2.00444805861925
-0.71884120241305
-1.24644863721041
-0.551593596206191
0.166215530733576
-0.804501541574626
-0.253045768178672
1.27447379368159
0.0680305386727574
0.012052177221781
2.14770458961535
1.94572409089251
-0.127753558345006
-0.297764220442636
1.79181594252971
1.76010407731946
0.567281105031958
0.667992474672194
-0.611743256359467
-0.842675946209086
-0.5473903535049
-0.330258029581382
1.72311134258763
1.79883258499914
-0.179522229057219
0.096259718310572
1.11530579902221
0.0651566460143425
0.141618398377328
-1.71547779610027
-1.59177507312321
-0.551667291733502
-1.18376298463345
-0.686839598970177
-0.270470223950499
-1.43989325722399
-0.328696056697623
0.795051214192752
-1.06496097935062
-1.31294363547837
0.18954722575021
0.591815472247294
-1.09768444015564
-1.11382300520746
0.949747239980656
0.00318135460178803
-0.750577769650785
-1.0465005780108
-1.61261812036954
-1.58293079232918
-0.423961007125639
1.29090264335732
0.641548179571674
-0.80121896161828
-0.852884855881193
1.21194403555131
-0.540562970626552
-1.04879371356488
1.53624141247639
0.927648556359332
-1.03287718953574
-2.29307790883382
0.877162711439817
3.07571233854915
1.746542164472
3.59496915462657
2.34439827560236
0.198520769172742
0.555607786054892
1.90431643587914
1.97945542994664
0.159718197803333
-0.410329508195962
-0.829310758752245
-0.90606222686389
-0.645457022516595
1.02326577971861
2.27546895501353
1.37351804413077
-0.835164480536666
0.251950345565032
1.40162287363627
1.38658395357219
0.308477456883524
-1.48810243570335
-1.37698749274995
0.114263911332875
-0.378447986556511
-0.0492025076008876
-0.254314446230851
-0.698399891700905
-1.23193904006275
-2.08410451096186
-0.231394766778865
0.0640833230992868
-0.5636349117134
0.142340713325279
-0.59180394701278
-2.79537278503902
-1.88088362335554
0.0557469927189142
0.430483492074955
0.127191966811554
0.425315461437886
1.65264680433314
1.32599485117858
-0.119453723234646
-0.819935467258833
-0.691328106748986
0.566400210271082
1.93238281128553
1.54974709004043
0.0262786377865376
1.09021348287498
1.10345387286587
0.264347550115083
-0.15817525352849
-0.700601477348442
0.028576589979582
1.57661178515127
-0.0742694319530239
-1.76543228807275
-0.936343870941768
0.109933619329214
-1.01991476833976
-1.07575601162238
-0.840635675665662
-0.467082831859152
2.53677295753002
2.43503529855347
-0.894568305490282
-0.767287175614461
0.572954765561178
0.333211665287214
-1.68796482822568
-3.39417631932482
-1.49046062504172
-0.80939057879508
-0.993570445104614
-1.23308764074314
0.312166628363758
-0.0784367158821636
-0.367448886621277
1.72885570283724
1.28268632825089
0.781457569514087
0.466066292079991
0.38420281802891
-0.21122966905367
0.981688748780538
1.16860802408008
0.190166648960496
-0.194734175316668
-1.02071792295667
-0.779523656363764
1.51777717624563
1.15624034319441
1.64424009661761
-0.322671190370554
-2.94571158723702
-1.27836624945568
0.456174714412748
-0.590335691728818
-1.75551215627416
-0.910506103088974
1.06332761002092
0.896301429861417
-1.23203237070071
-1.01362279417585
0.0731479323281406
-0.301372580206407
0.331483745559092
1.69517095405387
-0.0645817751397453
-1.60061344853303
0.658330853532345
0.381821046763081
-0.403220620534079
-0.0500188864555426
1.38856810338037
0.571069843609715
-0.331687054625975
-0.147858252660108
-0.822572819869119
0.517262575306844
0.234940669367685
1.10552848653615
0.122067827305684
-0.863772197737559
-1.61410000352205
-2.03953083745099
0.604329653396979
1.24853261720612
1.81286297965074
1.75933395691428
0.372421676619658
-0.220810102429041
0.491705970350008
-0.153323963864775
-2.34284621537069
-2.04977516413625
0.17228325053272
0.612305486799409
1.46276737654962
0.597722183107362
0.110470012208371
0.0804673311752189
0.466691453647057
2.25037952471162
1.0684394327344
-1.03508467825153
-0.893448669974016
0.208256466986166
0.712453565690059
-0.276559910074706
-1.39321506222891
0.594624973867482
0.894844290787906
-0.0743069638448625
-0.341637909430104
0.0985644300315692
0.228949706015802
-1.59763562125564
-1.20198780565963
-0.649847626277668
-0.499558787202743
0.308934727284339
1.08045154975359
-0.449324270023356
-0.064336788126694
1.10454608569535
2.11230981339346
2.19831395229753
0.640737367229542
0.687735106206753
1.64347612423242
0.295925429192921
-1.66892633413083
