0.995975397044166
-0.225009876702551
1.4822499512098
3.456807159722
5.7410481973627
6.8513111005945
4.90660702271798
1.70352544899547
0.358107683785841
0.826012305040853
0.571683072977766
0.596523413422086
-0.663231754899839
-1.75736335805425
-1.02044891757296
-1.86897285528173
-2.25658156460628
-1.37464668147434
-2.97579139316222
-4.80842363461673
-4.74867550058724
-4.69100590295868
-3.60755068376271
-3.47280610847264
-4.66107851360573
-5.33354631416219
-5.19817464714403
-7.55994894036516
-7.22312920137857
-5.32362011871819
-5.00418009870169
-5.2286904590874
-4.76393314108373
-3.54266233476206
-4.8139877323524
-5.77033662639207
-3.25535625483125
-1.83124762213518
-1.44186832801567
-3.21359644086795
-5.84220161771268
-5.57539995700522
-4.61718237921844
-3.91728855179838
-2.72507617888396
-2.4142984761617
-1.72596895885315
-0.249432591935884
-2.08320885151051
-2.0873476315492
0.663208205546747
1.84036736935997
1.91396249136068
0.87150883393146
-0.637081631207335
0.0151272879760777
0.908345215395858
1.13016596339076
1.73711618008741
1.98951169542286
2.33000969270079
2.99995232454581
0.330782908614827
-1.7075477383284
-0.289054883024178
-1.08500142556706
-2.70197651382977
-3.629894002864
-3.42445760883685
-2.77249536384562
-2.98062141301213
-3.23927351983772
-1.93025903813368
-0.130849359371942
-0.642914026922833
-0.131415385918703
0.636774602673403
0.0289029414178916
1.83482627421097
4.95047369409824
4.80596654487475
2.1253835113247
-0.343533704921875
-0.632294613601291
0.570383771583528
1.76631857999984
-0.39873862766783
-2.01313221940905
-2.17327960756683
-3.09122121354838
-2.70110397857779
-0.806498671195131
0.109433748018983
-0.578951194862032
-1.98321389557538
-1.69314482811266
-1.27579356799068
-1.18520657503758
-1.96329277266993
-2.18131209742837
-2.91914842631684
-3.35966028579615
-3.75871263379051
-5.19654949968193
-6.54977709439022
-7.78246063787162
-7.73228840301051
-6.91982298141684
-4.73311119637427
-2.91967732045833
-4.06104467641039
-3.06628940371234
-1.79768470595062
-1.96257784278789
-1.92519020688685
-1.82435397788106
-3.8617396386436
-4.76806841429457
-3.21946688266669
-2.32232749561261
-1.1771463386841
-0.860890762099377
-1.47792608626331
-0.991470018850951
1.14756743148298
1.44988604800823
0.317849958191341
-1.43673737132579
-1.066780281246
-0.340739468391606
-2.86327642748996
-5.18913039608976
-3.35207998514403
-0.58098988965098
0.0193265490006367
0.312007164382074
-0.251134106324455
-0.925081834531301
-0.529281261278704
-0.912787406065117
-0.637128171169114
0.934081115960401
0.0359006651169557
-0.0647535326813119
1.0053465824288
-0.0523524225052755
-0.100404888939745
-0.231587586315924
0.240105575822719
1.58335556437748
0.821685401933131
0.599751566635359
0.396069234375543
0.224407897379946
0.259750458866933
0.62373777792235
0.927664699919091
0.349234794101458
-0.388817865304847
-0.708832852825461
-2.33285254643855
-4.00129001724721
-3.29108022328481
-0.642384029386033
1.81196482052696
3.28501103431719
4.16636921685508
4.39011986486097
1.99984905068015
-0.0673801084347165
-0.0673748629933915
1.29890740664728
1.57626425679039
2.06064496987381
4.43998763879876
3.06181527302468
0.641534678405941
-0.269908295735074
-0.731650737564962
-0.187431495276101
1.18078646581883
1.46918816580846
1.04264432804684
-0.513699207467262
-0.419019559938986
-0.167573537068424
-1.34812816424998
-2.05843634461186
-3.17417992722586
-1.86059919949075
0.195504171404708
-0.685561111163833
-1.09497093617699
-0.643251042397056
-1.22879970474343
-2.3652483632524
-2.63428065979289
-1.63290086393571
-0.440234412304325
-0.934931725801996
-1.37246298425179
-1.45673024353175
-1.45893842048496
-1.25820717741019
-1.27111831725995
-1.44576828060058
0.340713150359186
1.30629337971309
1.27880269684838
1.88112553648828
1.54073041226613
0.844501236215419
0.825559794974061
0.237425810998249
-0.637164551854386
-1.08784807905687
-0.381911229473278
-1.26650372458063
-2.28535635047226
-0.195856692236241
2.51641809352248
5.90818871817236
4.906026076646
1.79646668979824
0.801135036288609
-0.554424804107953
-1.95229001504005
-1.20354410416436
-0.919527887537342
-1.84898028080183
-3.27563687332626
-2.75714273728045
-2.00021804511242
-1.89908810479468
-1.31916184796376
-0.922443509698839
-0.460585002552472
-0.584325711641298
0.133906980233173
0.650459017433855
-0.111693684769057
-1.16123573170232
-1.21219849215084
-0.274965457669046
-0.976886311015048
0.0061776089779666
1.19126576311245
0.312988882928007
-0.357480474012749
-1.77117209875409
-3.390993596597
-3.73347054774178
-3.58041609232982
-3.75646910454026
-3.71468285239798
-2.21496073877568
-0.309999035462955
0.0782657662026659
0.0435437217111222
0.233965380367693
0.686685629361141
1.75857926424596
1.76083194745033
2.14271596914534
1.94322971894802
0.114677549839518
-0.473674272080262
0.176711947517915
0.641002767658508
0.436321485810104
0.672027687023502
1.27941109652256
1.92951500636256
1.6008732742287
0.0463469499462619
0.269097043979442
0.721429359139035
1.18239332269783
0.786805783589757
1.68709670321022
1.74668696611772
0.897196349743776
3.11639406397049
2.20178290202306
0.122202274793479
0.476186048877012
-0.225252600142903
-0.511416149011879
0.472515620494899
0.538133241424838
-0.526250414882497
-1.40174653114606
-2.41194642444354
-3.99106407893138
-5.11311601774498
-5.80712629453553
-5.81300235530645
-4.11129360969891
-2.9817981077386
-3.90041076701647
-3.68979799969019
-3.17690115357775
-3.24451672308813
-3.85570249447364
-4.73490240066039
-2.69108514617945
-1.84578776997158
-2.78343115175781
-3.07519135656563
-3.23692299330702
-2.84214144751379
-2.81513850642635
-4.44906956661149
-4.76588438604692
-3.63650413726564
-2.61104041448661
-1.24225583757426
-2.02388905231617
-2.17629829792929
-1.08373537219747
-0.0464685131850036
0.559681004401505
2.55349680634078
5.34556523413654
4.70160217239294
3.51065961388169
4.16955862342425
4.66255012539172
4.53411580018329
3.47724500320211
1.86540341300414
1.89075814364295
1.49374945775252
-1.47895680197934
-3.12401227619005
-3.55396816104519
-4.34963584507194
-2.81958806920347
-1.03085238924116
2.17905137896044
3.65233729956161
1.17485035154748
-2.26427833875389
-3.00734292383603
-1.44341235046899
-1.37225471205988
-0.753533151888021
-0.300574003556273
-1.13948238445146
-1.22360761999786
-2.56496281439532
-2.95107976718558
-2.00910950476367
-1.79802565989001
-0.626967091481673
-0.324082291631035
0.515467488693005
0.914013533805913
-0.0726690840978274
-1.88421198662335
-3.19234944210989
-3.72873585284046
-4.76748306907066
-5.8441212293137
-5.71414395843212
-6.40914721783581
-6.80024351382082
-5.27198182069934
-4.75459845709933
-2.48925055123366
-0.251823793185219
-1.53484998868504
-1.55660566370284
-1.27406492889242
-1.27258371051901
0.033619623004016
0.639619852385497
0.0501083904884022
-2.40583613050911
-3.67413535913522
-3.70791709901496
-3.2921040219478
-2.72681138347565
-2.69062693672735
-3.32662078206545
-3.04815199896171
-2.37551777262291
-1.95700003010206
-0.83082005778559
0.94525452878913
1.18605713808116
0.153870404674545
-0.268123928080048
0.520298382839902
2.21563524829232
3.63125293672885
3.0193880282846
3.50615142884895
2.60762839743796
1.01419580101946
0.481102751064273
-0.748154678794146
-0.577318875057536
1.24178895697367
1.81019850532222
0.440473173240954
-1.20186478761292
-3.4160776712563
-3.66895385464095
-2.42555031845549
-1.57591942163141
-1.96309457045408
-2.59481312225942
-2.83867297017006
-2.89914767932504
-3.27736614296298
-3.3192156630251
-1.43024616620395
-1.24512404768118
-2.63320664928385
-2.33090046874878
-3.83865891558038
-6.32465490848428
-6.24861610800352
-5.42018103541509
-4.23433273860798
-5.03833139661185
-5.44390841805423
-2.77953228303089
-3.81518905185253
-4.71113777194626
-3.99543924382035
-5.51945136630958
-4.50257092499269
-2.03856108992736
-0.599110734710728
-1.6686023161609
-1.53389621203189
1.84749764591054
2.93702592101743
3.44461277540453
2.00922875681554
2.50974709096592
2.89323179734893
1.37924881117899
0.4319822657855
-0.237732615412976
-0.558695801197364
-0.131083651950046
1.45688250512545
1.6492519318992
1.00215289243541
1.41437254970203
1.73545624523542
2.91414789390376
3.65062311642613
1.71386831858788
0.0386155771884917
0.654675734015028
0.542951581910097
1.31726672862393
3.69024767195701
3.1285937895074
4.40846102791552
4.05374534582691
2.31544257350008
1.38847060370693
-1.05289974829774
-2.20679216593916
-1.42929758750222
-0.450385969565433
-1.00280966509255
-1.28371117750466
-1.38906726188691
-2.37565789851783
-2.88263006331856
-1.91095942502469
-1.8149567708945
-0.504871727236532
1.16473060560171
0.88014505224704
1.05252047306775
1.24084242621475
-0.0572465470748696
-1.70111729619084
-0.462415175333858
2.80039340537947
2.65062661795048
0.711586427749258
0.663966170800452
0.437630847018493
-1.02947239864359
-1.25709631201759
-0.545202464690717
-0.546369736017131
0.541399505117134
1.69465705001394
0.444113622301498
-1.30378992730903
-1.21375047416814
0.777115582463288
0.882582912387708
0.119802500387372
0.965133311891674
1.86879638232851
2.26867190454915
1.35933147961348
0.0778529510358756
0.356126518914144
-0.32943909914676
-1.19818608602246
-2.69724024871706
-1.92231266934437
-0.164378731201993
-0.153250309828198
-0.549893580521019
-1.91652413068759
-2.26068136477197
-1.69798390494046
-2.08897697719275
-2.30015392246802
-2.66288257788428
-3.40114919821694
-3.64170292452707
-2.7505571918654
-2.40842190664803
-3.64286711603749
-3.65076305538958
-3.51310412401155
-3.29066320182603
-2.76487964781681
-2.01253483222356
-1.125603021293
-1.04646845058547
-0.59675547622843
0.0186519519480082
0.958793961185074
1.53592066708184
1.23153758561443
-0.0199720150519169
0.345302139619886
1.30529481716589
1.43595244014074
0.66039713111463
-0.773265178466543
-0.999913477653051
-0.242966130303277
-0.968169941031032
-0.972113529143716
1.40463282066719
2.10024304270468
2.61547171302685
2.49393936845923
2.65271395233252
1.89858114783506
1.63183889384319
2.89806938429874
4.10371206012307
5.2144061486323
6.28291463424232
5.70097326829389
5.64288936217007
6.71601701028178
5.0058505788929
2.89130971331732
1.45965389965704
2.20998210406403
2.6065959693518
1.48015424616691
1.07209659777364
1.40689243452219
1.13878148868826
-0.444655083385691
-3.51012115976956
-2.91298755119232
-1.51603500342104
-2.45168411499175
-2.96296940632651
-3.60113938562088
-2.1491816063211
-0.499115104980008
-0.25118075633425
1.36713496971766
1.14208143652668
0.83982968460683
1.8140626727682
2.93181851413216
2.69824238467286
0.374896408786723
-1.83854752310408
-2.19554065213632
-0.33381856628881
0.236678448715523
-1.398587124718
-2.62077921117489
-2.55592709123895
-3.71541865025757
-3.54511633700694
-2.03894150149999
-1.85774457846638
-1.85267874133776
-0.334044599078402
0.0783275978835396
-1.12426381165015
-0.350325764677483
3.14324396659532
5.63146873541528
5.64068629301129
7.1724833542533
6.96013986456748
5.57418694610396
5.55559869091834
6.13276600187472
4.39155716453253
2.91035739480522
3.25305255907731
2.90663859935542
3.46636165274111
4.90388032965188
5.83525597308343
5.53054916698296
5.63877941443068
5.85820293911968
4.3919086065546
1.69374060961897
-0.172493955550766
-0.0495558545810222
0.416114014838561
-0.655818892001613
-3.60328746943967
-3.90041985353353
-2.82710140394564
-3.45649815794899
-2.60318622410394
-2.13395427150031
-1.99802642134239
-1.03454685501982
-1.0369407693779
-1.37918125866624
-0.95727742458627
-1.62210858930875
-3.11451231976296
-2.93136478660182
-0.635788555900429
0.929995080356213
2.85011597435165
3.97123045620587
4.20170062765393
4.51926430368747
4.80100273416616
4.98493599875999
4.4167516644352
3.28992296245305
2.12894555279106
0.776425485938567
-1.88397527268927
-3.02967686078315
-1.9284941620938
-0.47546389463996
-1.18425114353677
-1.35530507712
-2.55414963597434
-4.77568004321812
-6.04789945465124
-7.00856026398769
-5.72304776001852
-6.12989023311154
-6.27329586823576
-4.69106438122892
-4.45432531022214
-2.70800271730628
-1.05027594497186
-1.7964888517546
-2.12616778173103
-0.505409345481481
-0.265147243326365
-0.719861982819684
0.0164098596275295
1.36984706005574
1.63680609026442
0.356922335769156
-0.652901480641748
0.0561410440418975
1.47452078093214
1.75327397875454
2.5009162704926
2.82780934763214
1.36554058842403
0.647623576871428
-0.493736936915228
-1.46405781930402
-0.0599280882046875
0.804113703727071
0.997811673674184
1.2841183462434
1.46763764904882
3.19955507758427
2.75506545854925
2.15409483289627
2.6399857183255
2.71688939868102
1.91434450608244
0.748145584968195
-0.0439107165526341
1.26163969586843
2.79957140909144
0.58654970252644
-3.1912444539352
-4.73198353116663
-4.00770986363759
-2.76648573655228
-1.47994792952752
-1.20187065425821
-0.344460398368572
0.499016989500472
0.208277614071379
0.188934899094664
0.671815521369925
0.799746655106066
0.733248077137964
-2.08438479696911
-5.03191118177334
-4.95549518406856
-3.81361426929786
-1.60444574775052
-0.720025248481724
-1.44161984840998
-2.82022607212222
-3.6844843746202
-1.97695698435421
1.17627333368372
3.1240116501417
4.32409925734968
5.24045587630771
5.71620712410861
5.47959022428063
4.44724360739947
4.4959742490205
4.11693627983158
2.83682049764521
2.57816410146074
1.81911858915071
0.674323795676225
-1.2081879755817
-2.37952882121124
-2.67756598728064
-2.36370829912759
-1.48135145429843
-0.270425113549077
-0.694645695089981
-1.36280770601627
-1.80921537112424
-4.18953326076051
-6.45026719754162
-5.36488269060845
-3.63097740708157
-2.14197428685878
-0.967830727367999
0.870930478827966
1.50109815674468
0.18095979825684
-1.64752408208239
-2.9001514975113
-2.56400962558593
-0.0338242613278963
2.86409402598507
3.90996062854203
2.11531668917304
-0.784848998721617
-1.75704555269358
-1.80479846781477
-4.05278718183779
-4.96452448189103
-6.18039446384924
-6.76101485096612
-5.04347348442371
-4.12772430624982
-4.0671465835513
-3.59729714409726
-2.73370610567279
-2.87041263887843
-2.09151712767248
-0.435462168116189
0.779324469813359
1.18668958623587
2.08683054171757
0.877535094732633
-1.18888711393822
-2.41162466299018
-2.34076635271809
-2.16149256239167
-2.90504837219569
-3.76222097694033
-4.23880525472085
-4.0850467961805
-3.64465179918408
-3.12387121349295
-3.22633119517622
-2.72742532132721
-1.74616269221937
-1.23594405628216
-1.53936177689401
-1.86137753585735
-2.21494180645133
-3.95746878606205
-3.29648192992213
-0.359714307352843
1.53066318003035
0.331337894506207
-1.58144478451919
-1.28344089243123
-2.30846601863114
-2.29608193097612
-0.426123530627643
0.304141210970329
-0.553692294355692
-1.41382287894951
0.133655132804265
-0.0960030138474472
-1.21940825750332
-1.605449922207
-1.94752939676597
-1.38076988130838
0.982714288347775
2.29382336431232
1.06983482132762
1.69706020017991
1.87943838544076
-0.644702792881912
0.343617358966162
4.77492506279783
6.63136009091383
5.46086340838507
3.95227929306675
4.80425966184436
6.55103599233774
5.64643387161835
2.75721815506132
1.55320908763431
0.0105644325356538
-1.81746585049669
-1.55831584624804
0.551627425653537
-0.356645907777922
-0.602123501346162
3.18104126660736
3.48079353047983
1.47476978970479
0.0303231529887129
-0.0493036208088254
-0.0659223834233187
0.235753552015657
1.06943357033812
1.4443815020553
3.16391153203743
3.39287689776922
3.42826158398274
5.23334313240855
4.59270425156481
2.45261224037848
1.87281531726215
3.22013130467513
4.05934531100392
3.97920366628003
3.82086903209263
3.33179450450929
2.88690765590154
1.84656407456528
2.34158339420109
2.58736189061651
2.86722846688626
3.04712511590981
2.5634972319704
1.43768866535032
0.253844090573329
-0.588549072704821
-1.59829422485181
-2.55058929822105
-2.2347481765351
-1.36780171183754
-1.13817121507083
-2.16345643463969
-2.36505770551477
-2.8829219098328
-2.69328717972192
-2.57321218785336
-2.56911349846505
-1.17365225627251
0.344082128241736
-0.549992165710921
-1.04049245911414
0.824615543856794
0.891993853601799
0.554336593383848
0.829482470155198
1.56027868709457
3.92322802149805
3.39264714092614
1.61182605802146
2.19291960824331
2.60470598858024
2.65787020158671
2.78222660294314
3.90883386216961
4.47069428702228
3.59099884425869
3.28081471690029
3.97404557821147
3.74941951441388
0.578262977602308
-0.462221420279676
0.683174363768319
0.46622791765197
0.00863418117632769
-1.31318793706484
-1.01040299405021
0.554341228741117
0.196417420468956
-0.337452072906158
-0.342950261619823
-1.09631284414585
0.0677647182536193
0.6644651107404
-0.994043441646462
-2.45715320261001
-2.13095076717475
-0.757920339127789
-0.6866663146596
-0.723218935501539
0.899384979494812
0.23494074911464
-0.903538456504181
-1.84567583343803
-3.22718378909621
-2.96929041531082
-1.55104526869032
-0.868853461029955
0.194839991370328
1.1769986423864
0.976284469782461
2.21602068127883
4.05654735052212
4.83264362321459
4.49246286602473
5.70777772654555
5.7615550980054
4.08194556246979
2.60148575434603
1.94223330797683
1.79101334629831
1.05582493677469
0.0353881958908134
-1.38604200737005
-2.10759742197233
-2.40774064732172
-2.54885173589637
-0.843563309221906
-0.237253113114124
0.565547456723696
1.18562334943474
0.983817069119887
3.34163669721928
5.10226467819966
5.09319077757262
5.50062594031449
6.30518700339842
6.35472034979913
5.61425562738454
3.64666529656804
1.5981252922504
2.70767794716228
5.36575040852597
5.68030044968883
3.69002601721371
2.5635916505519
2.30577031552067
1.94609658629075
1.20202913702901
-1.07343905578239
-2.128674914055
-1.07051127786468
0.509941426093362
-0.076559608691355
-0.0686987541111448
-1.89465196020355
-3.2636469333011
-0.277965370482482
1.3517882024785
1.43764172702812
0.240323136974506
-2.14314722562523
-4.1957040768744
-3.85655799185417
-3.40915958957993
-4.3005173307731
-5.36936106057209
-5.87327391185251
-5.83967863741044
-4.23581724721912
-3.83597148200367
