0.762640338856665
1.158800791914
1.2802995685811
-0.312554868250213
-1.30421424909545
1.23449614373048
0.608607813494142
-0.0473191476850205
0.831030119321024
-0.706815531205715
0.224566134894982
0.771960592358728
1.62599817578681
2.40818302532341
0.482362604825727
-0.451421382989093
-1.93148160885691
-0.0619079835234535
0.159874133640944
0.807385002278453
-0.617000926187445
-3.59024599750085
-2.66249805724778
-1.81498497153931
-1.33422618425022
-0.372147134745444
-0.667398855284309
-1.12233859155962
-0.344946332862616
-0.785812296423606
-0.16373385356382
1.52114378717575
1.48212414161354
-0.876410044782063
-1.11759420770639
-0.0262255168222336
-0.228014524948265
-0.299688857238207
-1.12453449601062
-0.37680149801196
-0.151192943451287
-1.65038685223991
-1.1054857509787
-1.18287068106598
-0.949428599186812
0.745927224569547
1.35496333208958
0.70839429472873
0.113534646424103
0.134741296894581
1.06343537162312
0.777860045945128
0.643661284278869
1.006119535361
2.23160106243546
1.23377673824091
-0.171614949637155
-0.716841834309315
-1.65201504532747
-0.240867375161712
-0.0732858573775172
1.46106719070926
3.10981927932637
2.15416298898871
-1.04219342430764
-1.11209292665317
1.35266464451904
-0.416830424570685
0.277267533178591
0.33455694644386
-2.01751174736104
1.18650129589275
2.92584536617472
1.78981125864474
-0.155463843032148
-0.512053151773518
-0.71128631022924
1.34852564320132
3.36976710046248
1.13316608252584
-0.111293811687932
-1.23181092342945
-0.47828682116433
0.491094037531976
0.0795010840506093
0.843180856024416
0.0711179037923649
2.01539793719592
2.00521882097554
-2.15304079626379
-1.20031123863884
1.07240552893946
0.380151565732181
0.756674454759408
-0.570243577611639
-0.355388788952724
1.37143539948349
1.56346233735372
-0.0838863786476416
-0.386509124563908
-0.202108543344702
-0.0212279075099005
-2.43475739416056
-1.80779287207868
-0.844746344267995
-0.741972503861859
2.53904892591249
1.85815132357089
1.87188600122636
0.697788682562545
-0.12989581240509
2.50834603309762
1.64340049284966
-0.573547685356079
0.342339526706326
-0.36726827536198
0.579946831006386
1.29804834286571
-0.614379154543523
-0.880207052961986
-2.59276492575178e-05
1.15862466962949
1.1058972153493
0.454359388745545
-0.318109098331532
-1.06634382139666
-0.325935554109828
-0.0341495554554781
-0.975149245616707
0.356518773286688
1.25813327462154
0.127439619887198
0.710385217399176
0.405810445788891
-1.54958915627608
-1.93886868375601
-1.4402162972518
-1.42403027178933
0.620416053897682
1.97325267651407
1.76878137207522
1.51283012552251
0.334166801015054
0.511677749401587
0.0377138928229226
-0.864530912023856
-0.992223062213374
-1.06626079570538
-0.133726648834524
1.2596174050888
1.3474371901475
-0.143295825436135
-0.238532525236757
-0.0538043417627157
-0.842137655008611
1.39976238331754
1.97836626934253
0.870379506837178
1.70154779081079
2.52688002510199
0.949419497665897
-1.00059312890971
-2.22917562322758
-2.08918525464455
-1.23052892061924
-1.60299602419393
-2.03637282911175
-1.20681177124114
-0.894979002414181
0.226320460274497
0.447202014143055
-0.55834603123739
-1.60286172351479
-1.95555762613484
-2.55570769541269
-2.22525797359141
-0.401807100484058
-1.31023701986206
-0.603632701019403
1.56338607922407
1.7140172498155
0.690194809059413
-0.418194075531281
0.749120275503871
0.801083270676896
0.377329493647926
2.39920253367508
1.67233865405957
0.719391294449925
-0.621804779774587
-2.19714073100292
-0.0419533603820624
1.93217187012516
-1.50901120656712
-2.19973350252253
-1.03892177838118
0.406633987769677
0.327072808016684
-0.477273854480336
1.69321212704237
0.979239783306988
-1.33615323660905
0.201888441994388
0.419690115679694
1.48739541018152
0.765904444318533
-0.310569576789862
1.36102791610813
-0.945201101708522
-2.88931172209517
-1.97411564271726
-0.785022499038744
-0.674861118094525
-1.01751560407674
-0.646271479311806
-0.125698633686551
0.277038857209519
0.30812299391762
-0.725347060942103
-0.992545218974488
0.191755885850906
1.29499692304512
2.21390648920035
0.029424490825565
-0.676029575002366
0.728617235441658
-0.970849438099205
0.668371489369888
2.30238161772021
1.76606876597306
-0.32363892293927
-0.298539543380152
2.21178351930618
2.04878819852158
0.24541640471136
-0.298783049124887
1.18544672965777
0.691098341992529
-1.09350471019439
-0.176982501832661
-0.0857520009789325
-0.127241590697822
0.022354715416349
-0.601553892728916
-1.53303098186132
-0.718255904569082
-0.475539932334867
-1.0755623693928
1.80732001637254
0.215985433067733
-1.56169925445405
-0.362858130300323
-0.962222929022053
-0.301113017614451
0.345758192387734
-1.38250450942182
0.35438383446054
0.335633136509056
0.677447923991436
1.50207359833524
-0.0321086347231364
0.493668827541755
-0.603209202595562
-1.20305989915368
-0.383093453910433
-0.457139251550915
0.15894778803147
-0.832580347849828
-1.63788216589435
-0.0946941606207949
0.950361446376257
1.49594166587071
-0.166764873184514
-1.84075757924341
0.437098485804775
1.06878030759435
-1.66042145919896
-1.36006816468118
1.58714217917709
0.755884213229736
2.74848933299261
3.28853360209033
-1.76562974560924
-1.03929062972597
2.42949104927069
2.10900745723784
1.4087964124739
1.05172772193302
0.91089614345085
0.270177997154073
-0.113898399380979
-1.22453854514722
-1.79646297072607
-0.520024868361505
-0.406754634201736
0.138863905601307
-0.116609570613263
-0.0127895088813778
-0.750428113757888
-1.93138497661051
-0.281211888228848
1.35582509873022
0.470115959678318
-0.425937124391607
1.39352578915102
2.31942115793759
1.7251419467169
3.27372330302103
4.19223867162207
1.39895392854127
0.210642224588121
0.498476490202518
2.16302941420291
0.211444350885511
-1.82391265207265
-1.26981043906258
-2.38339208079466
-0.594567921009359
2.07421026112898
2.32978029417993
1.06994879877857
1.47679026813268
0.911727059158779
-0.0336112502379759
0.994626199160964
0.830123613602097
-0.846878690193698
-0.498362141828797
-0.943577043305058
-2.31431602819389
-0.983052652630677
-0.0292228346625566
-0.907482262370405
0.390027665048223
0.255023227338524
0.697632999380613
3.211543659961
2.63378483578062
1.03243034813076
0.927388060922669
1.70518817944603
0.994643687890727
0.664380154889546
-0.428667306167102
0.748512235146592
1.57900517342196
-0.0461998735264867
1.10977977455853
0.511438484585623
0.290396176695758
0.282313302876108
-1.122038123943
-0.987204107993167
0.211241322815888
2.26909455011742
0.463152648870639
-1.4378181340059
-2.49194046671983
-1.4843076647022
0.907881655389726
-0.0859490266931436
-0.964154421639803
0.139242858626022
0.314049731343632
-0.463898053304107
-0.921768744821367
-1.37824864250829
-1.17672136118269
-1.03843610598392
0.802462374614432
-1.17754368447784
-2.97868440173282
-1.38498447083469
-0.340844587636007
0.415190172584755
1.90122814504123
1.98825688995196
0.254750358435955
0.26053597654798
0.767495900667357
-2.37168039095983
-3.29131266110137
-0.364098816612567
-0.228687180648076
-1.22350052948649
0.686212668509162
3.35459200560074
1.3371979607799
0.210510948945109
-0.431621447895652
-1.92120226418109
-0.766219808524574
1.93781376281135
0.854430490810118
-1.62862432707194
-0.831680010868829
-0.783091578981518
-1.80865863032873
-0.855902753000671
-1.43652727038631
-2.090117863171
-0.0959715435288716
-0.626033727276938
-0.530776886669046
-0.995514181653435
-1.63939006714847
1.08430273538447
0.584295814577357
-0.654655772663282
-0.342925073517539
0.105898586319098
1.05448246694531
0.32585461498638
-0.239543749093849
-0.243437341803056
-0.228737968537576
0.402574157350333
0.247522401985411
-0.495502995009654
-1.51158606726962
-1.56606611079711
-3.08742121246556
-1.52103110858663
0.00415666252225239
-0.594581747347657
0.915716876486711
-0.199147204325521
-0.230955614739429
2.10605164682818
1.22594841202036
0.918729444901156
-0.367532420470018
-0.768776540546604
0.270891892216664
-0.883888170815024
-2.39907995568241
-1.66511003237446
-0.502064740722431
-0.951695787376796
-0.356596351341993
-2.68919273752954
-3.3623279780655
0.212368954704202
0.064422004432638
0.361244461882491
0.195129417880227
0.276007908225301
0.219672357502151
-0.465872015670578
-0.791339675288301
-0.271772586931161
0.928555638868954
-0.87611799653343
-1.78555187323034
-1.78730498170183
-1.2004938138559
0.681737211545989
-0.299924691780324
-0.0682622352068334
0.630149060456071
-2.16378609442969
-2.97263278842445
-1.35042017791283
-2.22710718800359
-1.64207136940989
1.41248147137952
2.73195014904387
3.7720676997936
0.621703558148538
-0.970369736660001
-1.18696835108138
-2.32981130306577
-2.62049096304824
-1.89569246153296
0.982303001913662
1.68229938881177
-0.0427375098902814
0.0750147999299181
0.761746251623171
-1.76317200071511
-2.4559205530642
-0.77935881438092
1.36880488403778
1.33308507279929
-0.241396135996928
-0.919489675841995
-1.08378046000864
-1.94171763951693
-2.91226549860653
0.34766216853684
0.456338351017755
-2.45974505510436
-3.12197842425958
-0.615240605682507
0.963713500178988
-0.860598531885089
0.633937128981532
1.05863308286672
0.0683664329436402
-0.629324460680104
-2.36168978561718
-1.21589478356055
0.570164700200473
1.34629940922028
0.1367443481092
-0.755622767924403
-0.554028410530547
0.55724690000974
0.256470820455526
-0.524152452911987
0.571251866546537
0.34310060145591
-0.132288394923659
0.160136655136796
-1.28409405442137
-2.32680849197461
-2.20179388630704
-0.387779440296297
1.56292091527568
1.03099903486777
1.44036531532918
-0.372320296484377
-1.49144962739871
0.0700813793407851
-1.72418797125076
-2.68036037314022
-2.71009627295103
-3.02650270253251
-1.70172877679749
-0.775322513993508
-0.901547310909223
-0.645952401232037
-0.387318191316195
-0.775023183607531
-0.115228373856156
-0.772215843003568
-1.59356119931533
0.908891592806786
1.64227821843273
0.00885414645911298
-0.316240848549007
-0.359369971974931
0.52722021920916
0.72598661812083
2.16532755021069
2.27264691968539
-0.240208611250192
-0.509222641112973
0.459333481783859
2.30765874068414
4.35723416802632
2.89510788138912
0.923225084941713
0.292465025463082
0.77118494323421
0.651189790854758
-0.410084182542869
-1.13552570475109
-0.166925405814561
-0.182389997480955
0.600040577202916
-0.399274206434026
-1.38238811824116
-0.46009905195128
1.11107945764137
3.77931415875513
-0.384920796374509
-0.877351396201326
2.28540369699359
0.901177279105983
-0.976648964671515
-1.50775775176605
-1.42654323932938
1.27459728479118
1.38511545120923
-0.619903678969706
-1.47556955593916
0.984932600943039
3.18921569673082
1.71853252462825
-0.225925023352057
-0.912911086619693
0.924720312490613
0.144797130369377
-1.61682171258988
0.027467243837643
-0.116524230458861
0.0128776110647119
1.29675666946895
1.76095150713149
2.13752445205869
1.60588632249673
-0.0192700009666924
-0.0876585185671543
0.802851078690195
-0.219365195952005
-1.74006315075194
-0.627675304364616
-1.61765157526312
-0.835830177798818
0.503419341488229
1.46071248395383
4.37621251649932
4.89378848173477
2.23794793481829
0.00178333477209719
-0.0720678238429826
0.976483631150397
1.70882510928523
0.114424896048178
0.307525568473207
1.70320814757013
-0.92846604764775
-1.86343242884096
-0.0929132158296133
1.67204562781035
1.88399306934434
0.086866403511028
1.12333680417852
-0.677951330189727
-1.79216957757283
-1.96973834479078
-0.97622654679485
-1.92052712442402
0.18804235113059
2.33061812338511
2.10558668735206
1.615718079776
-1.66115283819774
-2.17369213613928
0.452788200755807
1.07761620347678
1.79068828872425
-0.723260525184815
-1.88026475597927
-2.05903995471272
-1.52954025456429
0.445775556060331
-1.58350958391628
-1.72780955922732
-1.11560444492705
-2.9643009130728
-0.798415790052231
0.608201653813591
0.126672254384577
1.38701628178135
1.33498615041562
-0.165021088309705
-0.951043878054601
0.316045094555855
1.37838891622933
0.25063808005239
-1.24481419429354
-0.441318936245084
0.755545634600705
0.126337823709351
-0.382585214620423
-0.348280857321846
-1.63164229777558
-0.714487557364119
-0.694067368326668
0.299073000618099
1.7948481790101
-0.0732407164083133
-0.191549742046
0.572190082594943
-0.338856981325052
-1.43939129154909
0.843475024818178
0.742319886248259
-2.25134705277521
-0.813514116722765
-0.245851093423181
0.721841667070237
1.95668772356002
0.653994563064253
1.20099620578312
1.11952765099891
1.93687448388748
2.44947494339407
1.40022082523603
0.961189485494167
-0.814308666431396
-0.269762489631209
2.37722466168607
1.82207588970615
1.18001046624602
-0.260325923557151
-0.745484671840987
-2.21094731053242
-2.85661117879975
-0.459892305485447
1.0653850571779
-0.52428613244598
0.122147201503934
1.04931590568464
0.0355533876020434
1.71156735025183
3.23312779168684
1.3824321247091
0.727706356059561
0.170084058302329
-1.32625658607355
-1.46983771470937
-0.814200434007595
-1.60652204105763
-0.147376916630357
1.78891737134427
-0.290412456755619
-0.771777450525766
-0.165139339594225
-0.828352363996753
-0.342341378296973
-0.79812225519111
0.801127147029512
1.22750446972097
0.128154455015824
-1.57569844199228
-1.95520348945366
-0.283140161190155
2.10048198084092
2.82038354015937
0.27136535285285
0.0927682857300147
0.273936791997879
0.80375967653316
1.2860127132063
1.40670927491699
1.26962793177292
-1.48139739582178
-0.129072334762879
-0.121071854699049
-0.558634441775029
0.106012862806095
-0.544860108534738
-1.19690510880272
-0.161642855926124
0.764286193151699
0.428964650548661
-0.260215048326483
-0.205028062710466
-0.236012156906344
-0.813723803451903
1.43961636980365
2.14712379058738
-1.70260780668761
-1.81345147181759
1.38196201214049
1.06166358346669
0.596853998536194
-2.39781387045417
-2.96440118117338
-0.56475396213847
-0.723007420102612
-0.365562006617627
-1.70071258453614
-1.19505749502687
-0.232633926970873
0.120212568837613
-0.947264648650068
-2.66843165136424
-0.928596976764628
1.54484881669351
-0.078284789566992
-1.77634083541204
-1.52485214885127
-1.23387411066155
-1.22206307290866
-1.26609724412222
-1.3634064768294
-0.379874318024682
0.981367900738734
0.678472833178387
-0.275022756056445
0.182162383445638
0.265656993277046
-0.892713435161103
-2.25474378034006
-3.35666742153345
-2.28389539341756
-0.26570864715966
-0.971679509003282
-1.61637718657166
-0.789105304026915
-0.348588039711661
0.381524895181658
0.407369513045889
1.03818562783442
1.01411656416112
1.22618873098394
1.923421074805
1.94360144629364
2.03487976915944
1.54654298325904
0.794068616268194
-0.171901329737428
-0.546873070914801
-1.87043418857484
-1.4346827804739
-0.409545892179103
-1.10157404682664
-2.61875260317032
-0.549191469670752
1.20287671579591
0.029873707510459
-0.962775764226889
-1.26717614462059
-0.437803038763124
0.676972104005616
0.664356965813454
-0.105236122570312
-1.78604623534134
-1.78727153934693
0.349349326264664
2.25423705426587
0.921561515785918
-1.69622795148135
-0.0819060398398705
0.232059433103279
-0.701003976368466
0.629044446033602
0.234895879730125
0.0167648232132157
0.366923784487305
-1.04000035035871
-1.01274281095373
-0.177184755908793
-1.40749402585093
0.31358001789036
1.55280663854076
-1.15472265409595
-1.46429142477
-1.86564201439577
-1.41054567600085
0.695902442064693
0.133019929311286
0.252110559583429
0.891867801903858
-0.185193635519046
0.263280378409849
1.59792037350713
-0.255348274285821
-2.27133433344353
-1.0254402437398
-2.51126019916634
-2.17278588037916
0.280048560956332
-0.833029515300922
-0.515184792810556
-0.538653750237126
-1.07765632966631
-0.526282704491386
-0.498057189371684
0.240185564692354
0.27420529833885
1.10612457113275
-0.721600753698856
-2.08306822884623
-1.16144991038269
-2.16941077881183
-0.694279783604128
0.828597155907104
-0.972688899752757
-1.58406609593308
0.5773555990356
0.588591636240984
-2.03675413512299
-2.1673502582678
0.129492785302124
0.0193532098371678
0.971560815786411
1.09486281959829
-0.388241978407624
-1.64706328617948
-0.908882226327312
0.607068748852085
0.859535887139497
1.18211707864377
-0.542808251502525
-1.60623570013201
0.775645299507316
0.846556468545726
-0.394197042862197
-0.499248302053776
1.39966358169654
2.24782789832989
0.480237789087694
1.35558770624953
0.104144706043804
-1.98253355006965
-1.91058139793223
0.320597176768557
1.36406627871988
-1.82157940459621
-1.88288061768001
-0.389424975835462
0.91404136646881
0.57081579800331
-1.22249540563065
-0.79679470746968
-1.7484289324612
-1.52099648666141
0.449756870802539
0.372349882081348
-0.267095869357516
1.23623022603154
1.70365691423726
0.224331231422223
1.03782688792056
0.627994397158927
-0.486496284613265
0.66632055602147
0.936800509135227
-1.61157318094434
-1.1031217878811
1.1832493401245
0.297481463067219
-0.646863085351182
-0.202191431892735
1.33212192850377
1.23777573233329
-0.389662857153169
-0.0165139308297796
-0.176929396064486
0.394615776945079
2.21552360083688
1.82970868418724
2.36701593510928
-0.175685787122636
-0.766426404516996
0.273048676110018
-0.315352631914199
-0.744324715141597
-0.128978534162977
0.3105103589211
-0.870486361982642
-0.940173437356824
0.895742900307194
3.84965272402389
0.551832147459199
-1.95480307349726
-0.274662873536901
-0.131207493970332
1.52344877707862
2.13253590057818
0.935043988172733
0.957026176106655
-2.01124070206527
-1.23387084265929
1.99657204411075
0.611408998703141
-1.46448967919405
-1.39360017603326
-0.346122328620007
-0.776607916716407
-0.647667594612424
-2.10880333062687
-1.6101010916394
0.314877442863394
0.328389259237182
-0.144791157910814
-0.207923999479133
0.0904646559381818
1.3851629006453
0.973863417478437
-0.265829747948624
-0.0541871833379525
0.841219391379752
0.387953462397367
-0.519385220528753
0.379442746464499
1.83111489058388
1.84456882614651
0.813299655823164
2.19541507353711
1.40941194167346
1.26326936065116
0.0538916071061044
-1.38901419870816
-1.37302946764127
0.63182773345383
0.732995054231942
1.95119759987157
-0.912605416472587
-2.15268560435071
-0.95494563431439
-0.648304932534235
1.33509514806226
2.07680697384446
0.250163811702754
-1.96097006665984
-0.111772972393674
-1.76140454606091
-0.972846017823164
1.32942407154131
1.4354168834998
-0.283850259983111
-1.70709889379758
-1.16397539982102
-0.248417650044857
