-1.20618993847138
-2.30183041426133
-0.959201349623937
-2.61990166103895
-1.5980267962903
-1.15817516775106
-1.40841942913661
0.0925885704764716
0.449493447582428
-0.353709650923743
0.541375281415469
-3.44579263289224
-0.603885524628662
-3.65621891888079
-0.0260169608839047
-1.54197482455289
0.676993952793541
0.719874030518338
2.26893805480108
-0.540180769451562
1.96606271864208
0.241015418205434
-1.3752077472846
2.58031801098433
0.210681274493282
0.782322393108347
0.92786016937287
-1.40559386873328
0.733705677458525
-0.856577875124699
0.0686441505518329
-0.26853422615295
-1.42148920858547
0.496811506112903
-0.0538793759256592
2.44632431404476
0.155647618539859
0.796715529581976
0.469171080593303
-1.34141672289073
-1.40379928500715
0.299042239152662
-0.528474198251751
0.854356334245844
1.33908687880261
-1.90220111071166
0.36778691836022
-2.62409919804304
2.55021416201519
0.237705314949864
2.07127286085366
0.433043543737989
-2.88234904782511
-1.78835091542228
-2.59735674354343
-0.487012986080518
1.441622902775
0.954415862632009
-0.0552790716816587
0.979663065792807
-1.56598736808509
0.81674630715459
-0.731510111669965
0.347675439042973
-0.785509730249011
-0.167051751741898
-0.620791747270594
-0.377778185902981
0.559976708004008
-0.901901504474817
1.70313897811422
-0.243262589269464
0.174714909060168
-1.25177146716948
0.893294481697683
-2.03349993059429
1.67831411445189
0.883624276541157
-1.08680831273761
-1.20988983813426
-0.869189058125557
-0.869405167033245
-0.33477904172146
1.59415197853179
-0.754640624460907
0.468398227822643
-0.0941809306876692
1.10159202618513
1.17836117373625
3.45973588349699
0.589247118167473
3.16746356251803
-2.091469351115
-0.517028953823159
-1.88015940950392
1.19190717017637
0.347106496706159
3.51675410389324
0.774361876649838
0.134673769814486
1.62596869010495
0.252983804002948
2.47706956990727
-0.749865571060869
-0.0603364203921899
-1.54120770386846
-0.0996824520958246
0.506491899988811
0.350343205188299
1.64673879407656
-0.803206884861387
1.74548894676493
0.508464806948262
-1.35091066246959
0.427180193400674
-0.821933198257416
0.994931787317025
1.9179132094946
-0.258962269419847
1.77369747649325
-2.76289967433986
1.19969135982606
-0.513832987400208
1.60487977099077
0.612352010834576
0.90000238527349
-0.076561592837434
1.2686057466741
-0.318962026663409
2.36470773825936
0.00514395020851888
1.68697340156599
0.603082360043404
0.359700236571158
0.747552766748254
-0.477985193222076
0.832334494613811
-1.16075586891104
0.762255293080773
-2.17881470677293
-0.128942917655763
-2.7144742152745
0.0669974059313728
0.565348919074879
0.342947473533866
0.87894764063172
-1.83602323463722
-2.81464618384172
-1.43814329684549
-1.61595210324496
0.739711851254001
0.961863809739705
0.750822005888192
2.63800196111157
-0.274091096641156
1.6844133517646
1.23683192095513
2.94667283346925
2.4876123675463
3.10292763069586
0.594999125000429
-0.662817487620156
-0.474849573417444
0.939000707361717
-0.0522863182782066
2.12319678563339
1.64599922303541
-0.0813354062751049
1.97325099596713
-0.0866369061260571
0.89936728024279
1.56449052117886
0.149412524967733
-1.52737178700279
0.394487984612725
-0.914332888387893
0.637809150613416
2.94500105585513
0.317113255001256
3.87124620994871
0.532730100046778
3.31902452343025
2.03595987423285
1.80706620213322
0.829590539945486
1.14665678263213
-1.03522102818972
0.90657566531443
1.00444128413955
-0.191998490531187
0.862141644897524
-1.54000243897278
-1.05895043187055
-1.8126937014311
0.0136549393484227
-1.99479282831908
-0.476714871705861
-0.138901204302449
-0.119783733181297
1.19475314353508
-0.0160673464009542
0.665386821194684
-2.02677435137088
-0.395803355351538
-1.02272186894311
0.359655680976172
-0.200354872688911
1.49617282757946
-0.3342413452691
-0.15422329455955
0.714178772723538
-1.29593988753791
2.95601543676437
0.719927199115942
2.15656748077706
0.731648099081121
0.98768145359242
1.13391720077068
-0.894099703153998
1.13389829895458
-2.96638269222051
-2.15583861457914
-2.01031344152698
-3.49594548449208
0.272597276914358
-1.53831756725997
-1.48370274929614
0.208226523741038
-0.903997343818547
-1.81968696814295
2.5033490670776
-0.92758762982257
0.903621331834135
1.77356905605202
1.0224478765804
0.140686959478703
1.51011890305557
-1.11844146445095
0.110626384358931
1.26637665014199
-1.18743052474328
1.73764629601506
-2.27190957616253
-0.00525729074097167
-1.25270591933373
-0.392515507231993
-0.561488123690696
-1.21880637712172
1.23082424656042
1.2748948433312
1.79387612675044
1.27614606675351
-0.982469499266747
-0.0444824210146105
-1.65169993126741
0.606461910217712
0.513263960130313
-0.397481561138143
1.18325027284096
1.7752209666364
-0.215735423203435
1.65922201606809
-0.917306744383203
-0.807948233405367
0.500179298138374
-0.559777677696459
0.888007546935874
-1.27678108303021
-2.63312385894824
-0.848525268629539
-3.97863082005561
0.647963876776492
-3.00630089574036
0.888748460478171
-2.85513099576563
0.930663872108346
-0.931604500910486
1.11196484643759
1.67533801024395
-0.974937094840398
2.42864652505015
-2.18296365563608
1.6284107806404
-0.453453197968843
0.0542525064506776
0.380080638951776
-0.42009359807168
-0.92503070854097
-0.438070344917947
-1.42047286189756
0.967972442024173
-0.494577176055842
1.44479858717915
-0.994550080315358
0.727996364793499
-1.63794269161844
0.601855662605791
-3.14698784837236
0.0341006973262546
-3.20441419271668
-1.237786881635
1.30738859387727
-2.36470957797582
2.24493098884127
-2.49982992661314
-1.88570606163285
-1.28426353525516
-1.51934943433346
-0.319026132111143
-0.0386856870430023
1.96365347899886
0.00461071043499278
1.27221599281691
-0.359486596953563
1.45164871507885
0.986195471567691
1.07829872942367
0.30116903939685
0.389604500769025
-0.390752556267101
0.598944674524344
0.156444021251786
-0.329880021750615
-0.192684037102802
1.33367626982921
0.265039633291413
2.98918790981449
-1.31937120052637
2.7116216347163
-0.661990347579963
3.16744820943618
0.942929102351768
2.13495539186328
-0.138410091022721
-1.40535149431578
-0.462210379256081
-0.678276095160502
-0.791872705508395
1.45607338191659
-0.608151318275382
-0.742112013873451
-0.639017852157333
0.0599316316661835
0.142604532342329
0.609711358128172
0.982641078713762
1.07939775752825
0.6083045221837
0.74196262958278
0.416255503702361
-1.05273854754583
-0.639827378331523
0.315075419244092
-1.69501650143968
0.577327343988325
-0.493613552750471
0.895482366994405
0.294573999281229
2.14191784186774
-0.328664664634488
1.18083777976016
-0.397961272295512
0.826623677151294
-0.620092215841245
0.714302851213679
-0.821356831240305
1.05133910109383
-0.43917888429563
2.12530463576004
2.39795188172017
-0.707138548600445
4.67369021940448
-1.58091020615654
1.82318683502321
-0.0646075012426175
-0.475622178200829
-1.35938137175465
-0.685950107818378
-2.78332835428977
0.585670795130796
-2.03376056910545
2.56933071985802
-1.95551161347064
1.47082950850324
-1.70873236975711
0.269790368447771
-1.15277425585658
0.303678293164242
-0.186944809417612
0.763637871808352
1.38397573539387
3.36294084877512
1.66651529156626
1.431397439648
0.111829042006757
-1.56596250024278
-1.02364450526009
0.696462360197346
-0.963762556002749
0.379235044445088
-1.80840348657517
-0.893533044785473
-1.67497640283136
-0.635037209216664
-0.479725822822214
-1.01472065785218
0.337754615145363
-0.610895300469759
-0.119430513056181
-0.0435996555391939
-0.248756640646024
1.0461871953703
0.12970964459464
1.06534946044568
0.991692549854906
0.264329403366246
0.86960438895558
1.28395575477138
1.52053677984195
0.685795607332924
2.48998157936264
-0.900643128290509
-0.383827832471276
-0.637714265633334
-1.90163484128066
0.288516565406475
1.3740504076966
0.901315819098573
3.36039236572798
1.34462943347112
0.797887927457548
2.33306125191414
0.929141019057279
0.391970959709731
0.439708680170024
-1.42364315890078
0.531679954980095
0.594498193959483
3.24523508913237
1.50050272528735
2.29016184550001
2.13746646672062
-0.364332132958587
0.796620777937744
1.37610264872976
-1.78284729885955
1.86475662668824
-1.33188893874853
-0.0941115271252049
-0.57414166234834
0.153768340786682
0.432553669158117
-0.787337014257096
0.522840322865495
-2.42715480825136
-0.746523084767605
-2.94390071622987
-1.87664868435558
-0.674293766764775
-1.36558646354519
-1.38744605257827
0.138412283158349
-4.51702599794801
0.436830684676472
-4.01690636734883
2.59807313726517
-1.85942586037131
2.77292148865834
-1.10797453342114
1.3950235215464
-1.7027679240724
1.7382470261809
-1.55523879626815
0.751665318029472
0.889274535899678
-0.23394996734818
0.759303946319011
-0.361914946259731
0.333912572116746
-1.71352535695588
0.335608307019575
-1.36791439946565
-0.292704850780154
-0.397881868649671
-0.185858811001896
-0.902270659345122
-0.282253294954948
-1.13765079864648
0.0623749900313048
-0.689291591644309
0.660603827314422
-0.312005022826447
-0.233693666989121
-0.304017569377176
0.0366331600639556
-1.83206929399817
2.31127764965857
-3.05919710662341
1.3998902914937
-0.132544039985186
1.60463150969851
2.49308768327401
1.44144429048343
2.17502282645151
0.0691016713352137
-0.0841142860100903
0.766800170837365
-0.556116444306402
-0.258338913145994
-0.0355166563577135
-0.839980678291688
0.683037056315066
-0.755354019818148
0.608786228587283
-0.40340724923726
-0.964826548733679
0.158688774954214
-1.67508985577215
-0.68550606855601
-1.1913501207786
-1.28655653853526
-0.624391606341669
-1.23912489852953
-0.922168551143957
-0.800484634662099
-1.02655035331314
-1.29270762072424
-1.68691205121548
-0.261136085064126
-0.45125699822676
-0.277853350303667
1.38203066499783
-1.34998439603184
0.915798072887016
-0.446226581094912
-0.526737763974896
0.422005293421777
-0.747461847053361
0.368770205645883
-1.42141653625685
-0.468730503972261
-2.35746650226389
-1.04887460894877
-1.39781640563615
-0.511878615504556
-0.333316207096777
0.298768078876855
0.0399240580860046
1.76922605946565
0.963140993304432
3.10157552701827
0.965920173685298
1.94038485738517
-0.554908325839167
0.556970012717516
-2.48837337113369
0.526280505152425
-4.07211058969216
-0.268211759700312
-3.15486319962932
-0.832948717222933
-0.268412179583137
0.0675902797679134
1.91157266176305
0.653197819629447
1.4476739363648
0.116980156581646
1.18309204906278
0.34445382533706
0.816070521518813
1.44538052227921
-0.225729823056742
1.48165122878652
2.28140811912064
-0.139633049467549
3.91016196213509
0.985584707004236
2.13415090088843
0.635753779143238
0.410458155520061
-1.82704449903632
-1.59076872337824
-1.90193230904568
-1.80301113400425
0.214050039859401
0.342877420555057
1.08137449263545
1.10668397752307
1.26294215672363
1.58740988589652
-0.7431825542365
1.92613662397661
1.11434286681594
-0.459681711192172
2.34585559408924
-1.34370312229633
0.831100398136007
-0.279177191376261
-0.0311660167773953
0.951956739647947
-0.987966426423726
1.28023185447741
0.559296801696643
0.0148259499459545
2.42381483358885
-0.465054477613275
0.878276009565915
0.051339564852982
0.0595377832635751
0.684084291999454
-0.0934520420646398
-0.0798367990856449
0.163981109839292
-2.259633957326
1.29304146389834
-0.958281183189818
-1.30778539806716
-1.26058632427008
-2.75724079715695
-1.88395013119011
-1.09584273443705
0.267746848862756
-0.384917123979547
-0.807112630012678
-0.193299342025375
-0.518338235909743
-0.0408605237652153
-0.882673101195703
1.6634738392101
-1.10151769475088
2.05533661280564
-1.56526095726747
-0.202307025482996
-2.86909500411414
-2.10621282302885
-1.24172675433347
-2.1512817566848
-0.915661994103952
-0.460651471355353
-0.869737038864935
1.98318021918121
1.3038298444625
2.24321796105668
1.70604149725951
0.755339965882119
0.494031810947868
-1.36259519320206
1.10773766230546
-1.7612703426298
2.06639381824273
-0.569532529000621
0.748302793850555
-0.843141507859277
-1.14117972432804
0.608074365326878
0.44323355265759
2.18748223185758
0.218215755928455
1.96488031995759
-0.793905822171247
2.13565887527499
0.760229341174068
-0.110551272359247
1.39312365185904
-0.499911908808769
0.341358039471065
2.06271434324265
0.43585605396871
1.33452817307747
1.4146570797401
1.16220471673154
2.02042396118875
1.84373293638014
1.20451161848426
1.01735295393362
-0.286745226322526
1.21979303198041
-1.475016723085
0.672693757835761
-2.34871279585774
-1.03529464691931
0.0827855823560359
-1.64481993351275
-0.309201809867476
-2.91551559054388
-3.5726777372234
-0.552161573761773
-1.9140114930551
2.86944900032783
-0.663844074378671
0.121328125179404
-1.69770488400765
-1.06154083728935
-2.83823334317927
-1.50067952068175
-2.24199976624284
-1.22188426684132
-0.525428381243751
-0.530188747839603
-0.288863255995927
-2.68768676892052
-1.84290501296911
-1.1602123806825
-0.998598637731647
0.815062151212102
2.69580430291163
1.45187033090332
3.09695073526435
1.35189748677328
2.24354435682869
-1.01059458084122
1.88727737244906
-0.754766301666259
-1.4760364013796
-0.51180166723045
-2.26610059175675
-2.06636563254854
-1.88888901401022
-1.93634078420738
-3.28015520378374
-1.16260593092789
-2.11861420596583
0.56735007042313
-0.45674352943711
1.54781976065202
0.0938758202217639
1.71506243405431
-0.937525192332605
0.307875292053442
-1.54268379150778
-2.89454784320761
1.31362302882041
-1.41496441223574
2.19056699038797
-0.187529155678359
-0.0771761668964223
-0.305152871693234
-0.343192439189501
2.55936624451171
0.839172711093552
0.0264518866972381
1.23632497529701
-0.482534059379755
0.790443518529215
1.55732918324378
-0.0496768429606636
0.52837431622503
0.79720309000748
-0.644664954346959
1.39253715896773
-0.836137384059632
0.498317924474813
0.366549222786526
0.827389597223753
-0.290383915539089
0.280968323799815
-1.37040362929569
2.66799200931487
0.0015775292425575
2.23189551643205
-0.219609583197003
-1.08578747931413
-0.931602926589071
1.85809949756397
-0.267393227187635
3.21651071497001
-0.245675127533813
1.2021401718141
0.449323701563729
-0.0493807116931713
2.40037059962443
0.0527299068914971
1.70359085030054
-0.853945303699807
0.787935517722228
-3.09911524424569
1.10259317874263
-1.64955328013873
0.310743594094413
-0.667937085220438
0.67351986336282
-3.54854098035085
-0.956133263745818
-0.232501789865682
-1.11617966867125
1.69302318138559
0.128671688326635
-0.195068141951757
0.744115154119762
-0.100585222248908
1.75849290307234
1.77695206346398
-0.884713604148516
1.50205811689018
-0.770120076682997
-0.910554775151692
-0.0973124803920916
-2.23956564894041
0.284808389786157
-0.106531265614122
-0.90960611723404
0.418357004234807
-2.27910035819268
-1.57922672139344
-2.07089882859896
-1.19491446946184
0.125199509071921
-1.83597438581289
0.469280594652011
-1.32154057119035
1.32431966708845
0.403820007069576
2.59947390193164
-0.9881770356697
0.958229349728356
-3.2792178486929
-0.0492129452427383
-0.276507052563861
0.307691492438291
2.56659736145808
1.18008954140922
0.675876586445861
0.525212899966895
-0.4617006613679
1.05106429991504
-1.43357479798517
2.38593966116634
-0.129419902229615
0.589281757335038
3.18219535488189
-1.49384516694494
0.748438481548324
-0.798176830538541
-0.459576025063466
1.13046142132049
1.29849465636456
-0.983099275208799
0.88155726657155
-1.27748074211563
0.628312378825663
-0.501360604647709
1.20346745610464
-0.703867703242096
0.159428124270908
1.17676101354314
0.848131167173695
-0.0847826170194409
1.15351174424417
-3.12040459219548
-1.05845029147541
-1.61709638817122
-1.15779927933556
1.81926853647221
-0.954863990137274
1.37047631299064
-0.288455097670813
2.49271872315588
-0.225640546299306
2.03296069953295
-1.16218034193607
-1.16102362302899
0.0281594580644974
-1.38677290238788
0.750429341460671
1.95407049109417
0.883085522630708
2.2985312878251
-0.641183214444094
0.687373612438483
-1.4216051747886
1.16741909357432
0.891935654934046
0.713377397895842
1.20622166644274
2.17292662806248
0.93469924221276
2.12639682868195
-0.339864589379642
0.0768042684906185
-1.00034512356448
0.28214297614614
-0.0587330863583108
0.170791371912019
0.316795627033657
-0.376385939716371
0.522954320922677
-1.43949544999725
0.244157954553126
0.216214619862944
-0.901351401480614
2.48948493923978
0.0376209234657314
1.76753565682732
2.53752897460259
1.49170517034356
0.705141335870051
1.6094399743171
-1.56080230889754
1.58572575318861
0.0765553564615596
1.34240759553132
1.81539828990721
-0.448383433117721
0.322962139586645
-0.971621846126208
-0.83225227819768
-0.738507050188442
0.0497917151651252
0.043934157869141
-1.18619235993139
1.5248330433096
-2.19829339355386
1.42073888124044
-1.46819332039774
1.56817116205042
-0.34679327142294
-0.841585853052869
1.31186426446083
-0.978535128826967
1.99438369542848
2.01071809894277
-0.830825987949341
1.91718669385357
-1.92229072428667
-1.10373620250914
0.0461963989182723
0.180695318142158
0.632992823305531
0.00636961517733536
-0.0746006518880915
0.340512817651011
-0.70759900644639
1.88573663737172
-1.50218542244477
2.00798741075575
0.725316590010712
1.64735617724384
2.106460929996
1.74952194859945
1.49455877677273
2.14906213389408
1.12777606493174
-0.181288009662078
-0.0687392294752833
-2.35861703260282
0.171126279719513
-1.7054769718472
0.875544863861113
0.27157169372789
2.19269100292282
-0.417221012918364
1.75196319437597
-2.10225912023268
-1.16754499154686
-0.604450754078121
-1.01602503069676
-0.555536433390888
-0.578047320254636
-0.822297091399086
0.580943048400555
0.516289851236515
0.275900344339617
1.58103357939103
-1.61748930037111
1.82101690299829
-2.03761924546053
-0.325907720600084
-0.82936343516904
-1.63808590866046
0.354994003564741
-1.33208162337467
1.39102528149251
-1.38959556671199
0.85939873930467
2.3183605667993
-1.34265322150378
4.70624757238881
-0.985086999360061
3.61063132083836
0.77625808168954
1.70908803843407
-1.29087033417225
0.757155409121879
-1.59968336961433
0.547562975214955
-0.755159569549222
0.689762684486879
0.430573870772295
-0.726399364375721
-0.330952411587906
-1.71551104031312
-0.339648754153416
-0.670005542408282
1.3213270733178
-0.165088659397363
1.36638802951771
-1.03620609100317
0.0714704826785966
-1.39179379889462
-0.762379426153682
