0.297937062059441
1.82818497633145
1.09210381409567
2.26649768068566
0.173433602846006
1.38320152739373
1.91590349447058
0.445638586621155
2.31638822776506
0.758444781086833
1.09203783128061
1.70133569683949
0.9398063254222
3.19162248112663
1.92567243502652
2.49094544412246
1.58689563964798
0.427336932354015
2.81790926604469
-0.567285179529648
4.10501407663728
-2.38267417752178
1.60196068422878
-3.13286322922156
0.417544819828164
-3.33442725376743
0.415523481074324
-3.70016989825818
-0.189019162698732
-3.22470700476248
-1.04028626578837
-2.36983494236244
0.158965058427187
-1.52690546462203
-1.21809827900092
-1.4028756605979
-1.09958537397261
-1.48796508118896
-1.10901410449288
-2.36819325474666
-0.551694446714274
-2.63970147058673
-1.74024982123096
-2.48623721915626
-2.66069080367128
-2.31146932477672
-1.58960983670574
-1.36936856948819
-1.29101761655512
-1.23060205529931
-1.02863828379708
-0.150728535028281
-0.913365061265119
0.498078087431617
-0.322896034943263
2.28056532496764
-0.522665730231379
2.06654128185968
-1.1984669830286
0.790326369002522
-0.463839032150498
0.146182872664562
1.49570074932397
1.71085916211693
2.23685800200522
-0.215002040493318
2.30489950427038
0.925780966102513
0.762152887235454
2.16027573595716
-0.0411637482161501
0.508417492382851
2.29811845848108
1.51528844381879
3.01194771073834
0.453382877920475
2.92700116510414
-0.476240300452519
4.6902546042598
1.29638798552235
3.97439182161598
1.25292523305646
2.27620087915585
1.68994729682531
2.08982315911265
1.56745975689548
2.68681594742364
0.837051601620493
4.89246203354555
0.779103117742569
2.2295696928999
1.23979847716235
2.64813371559414
0.98275340159091
3.2464469810783
-0.376266825814678
3.57500940381494
0.510229559574705
4.10187503854084
-0.332173035116319
3.93828212110969
-0.698339944087736
3.84273337147526
-3.30188691382076
3.78937193356249
-4.08117408609448
3.55604292726902
-1.25049430122277
3.1205400571032
0.810359992077004
1.95763084341343
1.28011234684778
3.82958310898693
1.14132932508078
2.88169454239793
1.82148012383127
1.5908298277893
3.0214351507496
1.62411275643491
1.95101975199149
1.19611193477596
1.96836348595545
2.06516884359736
2.08648987087
2.06104116117509
1.39782042390149
1.17260959156613
1.47796479019468
0.845257950007369
0.523091611480224
1.76291228804931
0.927171618519601
1.34894934458166
1.73497704579699
0.899446784608901
0.263576285352892
-0.0910441329164741
-0.482560649182612
-0.930146546613988
0.86467693122466
0.0969355721702742
1.79973663887912
0.782850219854211
1.39744321208549
1.39409875759495
0.74378593591894
0.801288333778004
0.0399047185596327
0.158500803708756
0.352314555222303
1.14914788161177
0.859322563228463
0.457145697191746
0.996527698675937
0.179116872293599
0.24058867794291
2.08599656907412
0.655062972283246
2.39694988929619
1.87546208416213
3.6554105981828
1.43881081515883
2.48856045792448
-0.293198625232607
1.42102184458792
-0.839461629293301
0.13638992920236
-1.8778645107343
-0.186181599462751
-2.33791103347915
0.577023399812646
-2.25258738745148
0.0797489944501849
-3.27853271991616
-0.882820274161812
-4.74271164800366
-1.58617046027376
-4.03694181286485
-2.92298937037919
-3.04053156769152
-1.54147720522669
-1.89383174359854
-1.37125200950366
-2.13550462493025
-0.140161688496177
-1.99604298780602
0.310455034296407
0.253483401495284
0.311810512509776
0.921605570481273
-0.895951725824203
-0.426430767903371
0.156390711445368
0.778186367262403
-2.29783881296664
0.451506590627603
-2.90788779812431
1.48485621249799
-3.15282643504171
1.28767867015172
-1.105378127618
0.752418055307901
-2.00579935320233
1.68783192244841
-2.19405384033944
3.31751167835096
-2.64751437050488
3.21348366508551
-1.20391354100198
1.0038546829065
-2.46220941646058
0.0323033555456401
-2.3040782865971
-0.575316248677389
-2.60767464707936
-0.736852751807884
-2.29735131365938
-0.425773314387206
-1.94940851816774
-1.20310917519115
-2.09108233153132
-0.621750639676852
-0.955815269729215
0.913403850572007
-2.00919279295567
1.06520113067194
-1.27416641034415
-0.439454103147222
0.640129816661728
0.477369256110537
1.64388324181419
-0.748219717894694
2.12323701296796
1.02339209693281
2.60226963576231
0.613384232677967
2.28939454671044
1.77961103944845
1.7695012500013
0.740908298939692
2.10416193241964
0.171776822132013
2.16253666601083
-0.0380788861313564
1.49887152752096
-1.20937280186852
1.57080991368002
-1.74143588514546
0.860566843690249
0.682557382639045
-0.809384151027008
0.319717838199678
-0.85563682128426
-0.57272400635438
-0.382810108183012
-0.479503838109465
-1.75579182087411
1.05184055896954
-2.43129471289209
2.30497008634834
-1.77274250988824
1.71002625761865
-0.810241975281783
0.307633402367119
-0.947165493315549
0.0681347806695296
-1.14259997036621
0.452389911739817
-2.17377520848921
-0.314383057200814
-1.47386466604776
0.281390277621506
-0.282004556854068
-0.749092537396294
-1.29268665060755
0.594021241699224
-1.10920129823716
-1.16917569151738
-0.995313485857278
0.532509910766517
-1.40771235054754
3.63729242330326
-0.504834316293172
0.898247996004008
0.40661063358532
2.54914503107496
1.08237955972754
3.12988294884076
1.35734738898917
3.42122616922004
1.00832543503365
3.13583492496234
-0.362430751748382
2.04172737636297
-0.22179330005254
1.34728450330813
0.331466043888852
0.671082471215145
0.718708796028328
-0.482765374886947
-0.415155381000551
0.133893912313737
0.527479056060137
-0.130274638407825
0.249417353654667
1.45652965202354
1.28487531495432
2.187698876206
3.72865333497207
4.10335521899692
3.04720094568692
4.15053156631571
2.87494784594596
5.79253422802486
1.1532527575643
4.53672839617937
0.309358969979689
2.28251828522931
1.12428496903806
3.4517872009903
2.22362017088705
3.2071463206676
3.39761815010996
2.68107075071033
3.18853383517339
3.30304787474071
2.98773670597702
2.03141939361617
2.94365984847089
0.680942960476236
1.25284543045257
0.746954758334925
0.991053177619704
-0.126016812038886
1.92059640053821
-0.681310736040856
2.88048624402969
1.67680441068799
3.39423519690754
1.9001162559253
3.66940590909456
2.92361742427657
3.32629877092079
3.27656907454991
2.04875087350081
4.45335881850383
2.21932363844557
3.66146478129109
3.38441757344943
2.69713574866887
3.81491803639473
2.0945817004459
2.57766048749713
1.58253201861464
2.77320897099264
3.33072174107442
1.43388638330702
2.40943278543016
-0.730869296514051
2.30127547537723
0.143870513735007
1.34387659666825
-0.252853894341284
1.65460168098967
-0.269608968754127
1.05887583066418
-0.820204270918858
0.0367845643215804
-1.18194225838872
-0.650323266445093
0.285457841532194
-2.84219932354406
-0.916245637359072
-3.00443770623391
-0.808299009223767
-2.30186141454528
0.852053019887653
-1.34703608569003
0.441886726414267
-0.69182770738535
0.748790138651656
-3.27519899550969
-0.495358289224576
-2.37636238136244
-1.13156301262722
-2.8136342308526
0.207732427245782
-0.158590113054827
-0.3747874104689
0.517177123187847
-1.29685669726742
-0.688104431035707
-1.01053976254143
1.19321476287982
-1.50506229612673
-0.0782698326085487
-1.26450558202258
-0.925574815922395
-2.2626080808893
-0.789277641675649
-3.50786629731028
-1.62325252107115
-2.52272909625767
-2.59444145329824
-1.89442172583359
-3.6313390582605
-2.30729622016503
-1.70204908351814
-2.74519563870422
-1.65159671538505
-2.71779911617636
-1.1828400244534
-1.63441435312793
-1.38798528816631
-1.45177325398238
-1.50798383221894
-1.32829623882632
-0.937251043452978
-1.28389173739353
-1.26828883615746
-2.32727831328397
-1.77010546363499
-4.67905528554651
-1.04652218298537
-4.64425128189851
-1.18997049210917
-3.06562885528407
-2.16147848596344
-2.11761755004295
-0.352437726309092
-1.95422171186469
0.640228224683807
-2.89226970383783
0.714204992196509
-2.44255051322225
-0.369497454023603
-3.78754985998207
-0.726254222530075
-3.59589440357923
-1.45564496397757
-2.95128838360289
-4.22728646880408
-3.68472272232869
-2.76933832555061
-4.08000404276164
-1.5201571569804
-4.25467208941736
-0.625998772311549
-4.20324665815012
-0.730037488611373
-4.44095079279863
-0.402383286310582
-3.27202043740154
-1.81813117510674
-3.56558129294995
-2.92701271986704
-3.37696124769408
-1.81822376910305
-3.99205995772682
-0.942427759557858
-3.51788380760598
-3.07194720151029
-4.35971844094326
-3.1602742479938
-5.83443637154489
-2.95776637284753
-3.7476956232884
-1.13267727540052
-0.824308329295765
-2.43660017504296
-0.578494731280193
-3.51061472068885
-1.7963169106978
-4.7595068896317
-2.23241476835158
-2.80866955977602
-1.50678321541867
-2.9724521745669
-0.925370437332095
-2.25804827072281
-2.92973234342392
-2.8106448368547
-2.79339680889911
-1.03546530927739
-2.37626409032339
-1.28354934449523
-2.77682290421658
-1.72842669171392
-3.98227242797728
-3.28134406980318
-1.85577497883419
-3.8794874768814
-3.38892028480831
-5.23853891036681
-2.26766871707114
-4.37685915055621
-3.17176107226825
-2.40054872499568
-3.02685149057864
-1.9543141991227
-3.51843452489961
-3.48515801812455
-3.0014656648389
-2.69857784216821
-1.70547118844984
-3.08865403776633
-1.7625996536773
-3.15167657726228
-0.731582433681764
-3.26384390278278
-0.840708656628196
-2.22038007290628
-0.987200741188046
-1.94618010036117
-0.770073584136026
-3.130381811093
-1.91681894108269
-4.04013534400252
-1.13468311605565
-2.5455640390616
-0.862661986014853
-0.977484574574449
-2.19953453236254
-1.23267474855638
-1.627148794634
-3.11554107254533
-2.53988724923514
-4.65372057099019
-3.83261434228462
-4.65270463631027
-3.8531905241144
-4.76591139074188
-3.65104209848488
-4.53010194155834
-3.8683357203314
-3.72640185590266
-4.53426990450171
-4.10510866466497
-2.5708737257627
-3.26029493039682
-2.65237450096863
-2.97963576768038
-2.71021075858811
-1.89599300553011
-2.34174641291425
0.380979229381549
-1.50482319942436
-0.379526162565571
-1.28563754538772
0.0627972681994862
0.82708829822839
2.82642203814399
1.42356375238311
2.92365749208925
1.26977027640015
3.41162636671026
1.16971534055095
2.63884187406371
0.262515586525188
2.84021485681931
-0.318331705737867
3.59991053522873
-1.52074647287118
2.84492971363037
-1.51277906307496
3.78680198990142
1.4367208038804
0.784623426018478
2.51449601920528
2.01440694383989
2.11762700805212
0.952652812170488
1.08635730530919
0.0864498931742326
2.86906896979282
-0.0501575609455911
2.06462836568575
-1.10668439508796
3.69233220224975
0.725866402645587
3.66412562007323
0.154533428590208
2.78379903847887
1.47493161389143
1.58153504247217
0.449724013639461
2.15302033315286
-0.295483654125669
2.51078412402323
0.572368721407316
3.35001401065607
1.78040966209715
3.60867668182274
1.10816743713491
3.55551150207533
1.55403978136373
2.53524388556195
0.190345825520089
2.62067617480695
-1.717505674536
3.0338319135307
-1.58251445055773
4.22056868091172
1.75985354401009
6.14500705494568
1.94461993072727
5.24368829132867
1.90754456030952
5.56989379522221
2.74515574714266
4.30463679745689
3.34477983549608
4.87806953482718
1.27871867060594
3.91209669757593
1.44046629473057
4.96123706268051
2.02813270671211
3.9666093267598
3.34745946394154
1.67428504157358
2.73707462198275
-0.242370690922852
2.88652239566089
-2.47718493495572
4.59315355772551
-1.4950750393796
5.65191176764059
-0.944308308215751
3.10456037089808
-1.4378414375507
3.7172637026893
-0.954968585423667
4.86495465444705
-2.79826610968746
4.049229939268
-4.31409605364396
3.55129193471711
-3.36249888371996
1.19650310568144
-3.15433084612412
0.0637138308071588
-4.99268750313959
0.981958450976523
-4.62490990161211
1.11562777929263
-2.96089476840056
1.37783183733871
-3.12883984865048
0.660232421222227
-2.03605778332349
1.34867963095978
-2.18539028642657
0.251348098718601
-1.63819933871284
0.718837388190588
-1.74214086060728
0.478577599363687
-1.78150679186212
-1.03005844449581
-1.14922104290153
-1.9844280241924
0.110674401323659
-0.90711571471109
-0.676729360866675
-0.386884827639606
-0.380481794665364
-0.869913030292412
-1.3644515584145
0.878167652127548
-1.81455801983737
-0.991754872048959
-1.0209317274054
-1.62816687062583
0.391473101030797
-0.55691178455975
0.279569634789169
0.757980524590181
0.363779417753997
2.52932355886365
1.29916354998667
2.89920236900685
1.63218774765852
1.42462102353836
2.14693537011571
3.11701046509216
2.28643648768418
3.70196416116493
1.08014312129302
3.36840284730564
-1.26812658317447
1.96715569764588
-0.74968073839911
2.52251863589286
-1.80066160341443
3.2931731248917
-1.38960461945885
2.81461654111326
0.580314609770284
4.30151566486217
0.490026651214157
4.6248756524988
0.00829880109679831
3.18231164917212
-0.678307643260812
2.59850130164566
-2.00453557390496
3.30652121082692
-0.789460676646855
1.87375956109452
-0.60060443658817
1.43331612747564
-1.16644237491857
1.44836184202248
-1.97462225445334
2.84451209847104
-1.78244471180769
2.69244308987951
-3.28580444362366
1.81327865383529
-2.75242805880642
3.56859601692879
-1.20611789554803
2.46624788218656
-0.396346993823735
1.94223259623019
0.668959780281971
2.2134843900348
1.63639303442866
2.43430049706433
-0.362375301662394
3.52990133871357
-1.51843433927974
3.57211401729406
-1.57674029250714
2.83816201675421
-2.3145788930108
3.10911306295617
-1.76264860885992
2.97078849132937
-1.98466818403547
2.7873091283352
-2.11309311144928
1.95636780870366
-0.0203991050622878
2.40274706222702
-2.23457982875864
2.12199739154879
-0.596779862177866
1.83998764889667
0.115600125373907
-1.26398658751435
-0.524380691119775
-1.19960524773636
-1.14533618693166
-0.906491877641257
-2.8700374290318
-0.53951229626935
-3.03673192798572
-0.00238990431912295
-4.06686031369585
-1.60354130244449
-3.30765894824507
-0.180350622771486
-4.0654470825304
-1.06781317261851
-4.45935643342929
-1.55454271869667
-4.76067517232302
-2.0673821851599
-5.1133791412538
-1.57750109573813
-3.84718762311431
-1.34516103619721
-3.79716357683301
-0.760726776307752
-3.51172475088845
-1.50194550844708
-4.76146292832358
-3.42768985711664
-4.90846090929737
-2.85211409951972
-5.57553974487912
-3.25693993493023
-5.25506127812814
-3.09017357495932
-4.22088814831598
-2.78072030601698
-2.76096243480709
-2.31880123019599
-1.40575509651787
-1.0267889082182
-0.169683899738998
0.234373202061395
0.467040897927719
0.509199371969196
0.00982468630636613
0.23981606132034
-1.68682127213756
0.137682466565038
-1.86516344620429
-0.70004038589371
-3.63823602011239
0.388443317847728
-2.88631943442689
0.0689983066340075
-3.33598271166793
-0.614441492103003
-2.89895550480538
0.0412316125563018
-2.42008615287059
-0.219306712433041
-3.75899164193789
-0.719916297053175
-2.61571094678869
0.99240716215368
-2.74484379992513
-0.49049834729079
-1.44533362518921
-1.02940971525316
-1.53143527688559
-0.112916286321997
-1.79423783539159
0.24789703447906
-1.52750762110021
-0.88673816392933
-1.49962327397553
-0.875355971456917
-2.69532167329249
0.602288224950744
-1.98506974683205
-0.965239058945229
-2.04501542779813
-2.52759504292705
-1.92395564911809
-1.51217968528984
-2.2086648375706
-0.727167354485972
-1.60296604172959
-1.14751010422358
-0.784941470997817
0.0389789064588519
-1.81918599839192
-1.34606237803546
-1.55779292721379
-3.7862959164694
-1.51492769388158
-3.03728651635479
-2.49276828656848
-2.34527596786982
-3.09277072562835
-2.50898128657577
-2.99119002516256
-2.58998324961224
-2.18636538459871
-2.46134413675025
-0.757316905326702
-3.90514002942378
-1.41270919856141
-4.09117674985019
-2.97960847882206
-3.00980269837587
-2.3908555762242
-3.91414497206356
-2.77157807971463
-2.44952842693132
-2.76439027384289
-4.0253537176814
-3.19867899797183
-2.92474335940056
-3.41791787754764
-1.22942278417569
-3.10354026162244
-1.4727911467021
-4.1472010088845
-1.15118243961976
-3.26487583307367
-0.550612368456195
-2.1446326328838
-1.6733638766191
-2.59415487372062
-0.199193786149712
-2.53364988004881
-0.414343055436735
-2.59147827577611
1.27570953878923
-1.40339718081445
0.885229760090754
0.302857303372168
-0.351880322758652
-0.79109229156243
-1.37634259673711
0.456334359365831
-0.809295995761137
-1.75440835420877
-0.879159591754617
-1.84775793816768
0.337830069393484
-1.99542530792571
-0.652493812316668
-1.82744478478618
-2.31042375742378
-1.78715333189795
-1.51566209040655
-1.68706354964669
-1.56829130997258
-0.118770625765134
-0.827474519871575
-0.349752459049397
0.487386936724764
-0.672474019672876
0.238309403661757
0.221365009828306
0.490005670403694
-1.63276643778535
0.803479272786888
-0.576219789421164
0.305996804906896
-0.831753263349187
0.323730054819582
0.544877647166801
0.49436831432606
-0.061681986693797
0.870075047378809
-0.572558035677187
1.59131871770822
1.05362042867358
2.0067574014982
2.85561787646686
0.104508281697234
3.16488838802409
-0.108759709725609
2.69530064790998
-0.719729332845283
2.79426852422979
-0.632044393528303
1.63178570499821
-0.802568618085415
2.55133296593354
2.2611603025989
0.461254169698767
1.54819759855488
0.52994321821929
1.17031877233674
2.17884492656611
1.82430597154625
2.27918916092768
2.34431856888373
-0.521925012824041
2.93457207546323
0.867091241794812
2.18306486395089
-0.317667558405905
1.44959794233953
-0.219894783012308
0.475225415746766
-0.182042713436451
-1.69379052947448
-0.0767448108149521
-1.27920893868592
0.0631568992308367
-1.40186098589958
0.049375562694419
-1.16523771408077
1.3524511684872
-1.12126105484403
1.00941399342693
-0.897088486128344
1.66005481487896
-1.02069195175392
1.14531396425304
-0.26019171480361
2.33515262499168
0.566900237092105
2.27407879398339
2.5676721417273
1.81011331358298
3.76342036900738
0.520981236168539
2.88456073024341
-0.502132273598997
4.00474469959344
-0.845836025906656
5.87060141323971
-3.48692278667307
5.31139195825069
-4.11545669138811
4.91372877659727
-2.47559668552436
5.51651140340205
-2.85319760884077
3.50401866989708
-1.51097754581856
0.54669201513596
-0.247185978842739
0.931291835248503
0.86153428524042
-0.312888941218566
-0.01087676272743
-0.81656935136268
