0.93573859511316
-0.203952566153173
0.250995578115752
1.62046054163332
-1.15575626450576
-0.333534582949732
-0.221656084484072
-2.4420789535444
1.18409399489462
-0.0926199582155987
0.460149910669485
-0.273534534410693
0.196507995702328
-2.53725186711883
-0.0542156656053818
-2.17899093174168
0.509241117145163
-0.464056004926687
1.24617933147287
3.05413479235089
-1.98144211735647
1.69011342578475
-3.08700236090276
0.443668997961408
-2.25430605602059
0.732144991477423
-1.86684197302504
0.241095357712363
-1.27255803998795
1.22889136760215
1.63904869144944
1.01828175577613
3.22519987167641
0.479476511745237
-0.445713935094499
1.17531379997492
-0.85595933353464
2.52409747385427
1.78625915877564
1.26677244937194
3.07968707014443
-0.0138501682975639
2.30352655527877
0.259038326914195
0.899832810513951
0.155387083585252
0.0811025560088129
-0.512814685377109
-1.12969390108341
-0.479164319797595
0.0561431831282383
-0.875904323738729
0.726297238093388
-0.957099908522635
-1.07198635508312
1.04583088277486
-1.15772594484619
1.05692908128825
2.98717119255828
-1.96084893211389
3.38035538366082
-2.6523104968767
-0.334008296219107
-1.65701282265074
-0.337121447009118
-0.390062137989528
-1.13002936912512
-0.174964460863245
-0.161971650447189
-0.623219846545752
0.303955859406207
-0.792473702021789
-1.32504191864951
0.559228751224852
-0.240332097846211
1.28208270007292
0.6020867754629
0.919576091944898
-2.46705835004324
0.75569693940717
-3.4165379532351
1.13501302306414
-1.12384666376716
2.18500203477312
-0.108455949385174
1.12245350301084
1.57740251983988
-0.45300130313311
1.29361962636005
0.727238610094168
-0.877115051071064
0.986923093086166
0.391069057318642
-2.12663730682021
2.28683810685999
-1.61625656178524
1.96618852750988
-0.649170647303914
0.834732921150888
-1.31704842414455
-0.460647385594692
0.620596956447781
1.25048254201004
-0.433866613493759
2.74398225301458
-1.10565269153975
0.706164669736325
0.594262717309063
0.97446322803844
1.55712801631465
0.673030749295117
0.424930259656533
-1.92199341970671
0.781431347729905
-1.24296162349438
2.2829158762859
-0.659836075475111
-0.0370121550990148
0.43257324532614
-1.50751957631164
0.794104969196023
-0.659444730179683
1.66761011150398
-0.510056486879692
2.37239471612453
-1.28241174113149
1.32410085694331
0.268894985187547
0.75746249139301
1.15299262086377
1.2064398399577
-0.70116127988986
1.74453018371577
-1.15471545474483
2.28533331866137
0.132298117703779
1.07808863330976
2.00357991810921
-0.151330996363216
2.8832910692743
-0.039643191655645
-0.138708955267628
1.24478749022419
-0.747950795915114
1.66593393664685
0.950842239979876
1.34770001946205
1.12874366703351
2.59563281949648
-0.228207382836618
1.85139022370141
-0.951063605609901
0.650250379707176
-2.00594315316225
0.157688292604996
-3.30127339955771
-1.37764639115902
-1.94576920743659
-0.717941257990828
-0.17442321847395
0.858623121450926
-0.567321193993712
1.7159715752131
0.106442329407391
2.690294990037
1.03033659995679
3.20268249213981
-0.604615564479948
2.89092698899551
-0.000353809220214996
0.0286317191952101
0.291800956332184
-2.12110607472343
-1.54211882418271
-0.647905972341102
-2.1024057864913
1.66198823190038
-1.13180314981728
0.992749892715269
-1.04839594022271
0.247557589547999
-1.08464132350023
0.117451206738094
-0.614012702307377
0.614086585914889
-1.24346104285347
0.959379426984866
-0.712939986353133
1.29105560605178
-1.66772978457909
1.61891743879216
-3.03508970399115
1.359434662733
-0.188056197962139
1.27528437070975
0.129071651871898
1.34696874366696
-0.727116598089429
-1.15175806761551
-1.51827797978219
-2.88591361911099
-1.42866918154048
-0.892035311129341
-0.405133736849369
2.92301682836382
0.663246294661161
3.24247281882834
-0.187150993762418
-1.55186489312404
-0.724466125638948
-1.50459764335472
0.955373913352594
-1.29424119716272
0.0069511750516057
-1.84144030193899
-0.602585237768508
0.233034640154221
-0.524017269289337
-0.177952053821741
1.02944952608683
0.224612937545756
2.69481985342478
-0.648467756393139
2.25124987575388
-2.43155082899579
0.8013147784135
-2.15176602019366
1.76230725392604
-1.35763990146027
1.95597948124889
0.537079565470488
-0.340577053855021
1.09496594624777
-0.943140501614775
1.05854743393579
-0.259092426316447
-0.357985049530705
0.385737377975062
-0.533199161173336
1.09669336913478
0.154651161541415
0.715627265661205
-0.547843445058042
-1.87918929456773
-0.246657157221696
-0.227269616591791
0.989557000022377
0.910368406628051
1.69235749189409
-0.600570169226214
2.44449102933543
1.0425187130416
1.54501224644432
1.18288104258072
-0.156877812036421
1.69973402535235
-0.473651270926013
2.30180894110663
-1.11610001052383
0.670132106323904
-0.323266237201135
0.122194723139759
0.378007982049565
0.128215630336959
0.182030970893977
0.37615838378383
-1.06400384989375
1.28424815580895
-1.70587108343645
2.20743018897748
0.0765776335775853
0.0122407216859828
1.03419791435725
-0.933181992793635
1.47527953629958
0.868668488513768
1.57379816306883
-0.467251426222334
0.588675326453695
-0.383181322627607
0.59069290360235
-0.102337327978888
0.223456171340833
-0.864490050211255
-0.0491453042391969
-0.636406357842895
-0.459619582726825
-0.840082342006568
-1.13971476884068
1.47697147832689
-0.159603111610617
1.21962495313121
0.49337794838027
-0.414613382382011
1.95760045664699
0.500198914678044
0.374807059637861
1.17422320070897
-0.0645994813069715
-0.786597724760655
1.5921133983192
-0.58955669671654
1.57468190579077
0.881386381333782
-0.517838388876448
0.806860199306911
-1.39560575313204
1.66806423948533
0.821503300915312
0.206437853702486
0.891347166637839
0.231895416936481
0.0339183707898189
0.597496797857023
-0.0676993357865922
-1.31597204132175
-1.37587360860882
-1.91433218849358
-1.69114585042251
0.197349598897038
-1.49584934097162
0.0830879841523654
-0.106531109984489
-1.15395148251117
0.0193800670329505
0.153314927120728
0.0668835671517941
2.16438066841686
0.111487015370241
1.54196085141147
-2.21921767521207
0.0621288733560621
-0.924575840143202
1.33160121958592
1.36914876151438
1.55608008853532
-0.202015837040371
0.354651889182061
0.261380169915524
-1.74443344724317
0.570741425295869
-1.47185118534991
-0.650898588792917
-1.34464914390049
-0.640726086254841
-0.788986023203831
-0.0832060186151135
0.281247871772401
-1.66844911614373
0.39476914032247
-2.86369531458225
0.295673696968009
-0.538191080866109
-0.326432507740414
-0.265789848405119
-0.677887366723297
-1.31378945584185
-0.305348210602784
-0.925332834454021
-0.107985035127649
-2.85470959372592
-1.03625616731944
-2.1337108423654
0.0198340433407282
-0.154559279182474
0.447106429676457
-1.52645901958914
-0.344052898680757
-2.33622968143964
-0.47379788659343
0.0763587656375215
-0.385934413777443
0.666764875266324
1.21385212305798
0.361420473995042
3.16996860392636
-0.53292121992242
0.820956417727298
0.0757923523882136
0.975370569021376
2.63464335863963
2.84191748235004
0.605677766843346
1.4606867934713
-1.53434456922466
0.848275585517949
-2.48926864357643
0.497230205529199
-1.70614748221848
-0.167757955318856
-0.443259066531332
1.06731562697308
0.22102916140509
0.462518089689937
0.522015602663487
-1.22822520287753
0.98668218961699
-2.01802626893101
0.11676084726443
0.0524718316199091
-1.23294834039835
1.20604244518548
-0.817875759592743
-0.0806141360150149
0.230743224729767
1.43359281836988
-0.177858666880778
-0.570051536790515
-1.3007388711911
-2.37150655216694
-0.251815967548262
-0.7754978438239
1.54835466451106
-2.08216998328066
0.511122519629406
-2.77519764424382
1.52674834554566
-0.49301869812022
2.4362592715119
-0.410315863682653
0.394072987955072
-0.0676749349033807
1.01520695215441
1.13501963868144
2.13241906971677
-0.4323502335755
1.20491668302936
-1.30809068994138
0.542185476580992
-1.35969700056283
1.96736084556108
-0.165345353152568
1.26955787460788
0.912424439941523
-0.240611403259399
0.238826941176196
-0.658248985558083
-0.870698752047053
-1.52066840957661
0.193792523117215
-2.263977630553
1.28115985421416
0.0282418121474697
1.50109374151594
0.307913128686052
0.516208918001964
-1.18293017567007
-0.726247992365264
-0.416280611899378
-0.132418393684582
0.508303430056356
-0.176339124829862
2.48348310712279
0.085996555910081
1.0456345679676
0.329201468723027
-1.1145318078473
0.260514623717699
0.375708703786695
0.355725801887287
1.5397874677128
-1.06297133202634
-0.138373673156217
-1.41094873364532
0.324406305387107
-0.673589270839985
0.782383838331654
1.15980037769724
0.592509968297091
1.06388147642936
1.14864677958961
1.16115982144843
1.23037973568481
1.18132718030652
1.17615046932277
-0.300854940544582
0.931272154145665
-0.28672498830489
0.218992631427433
-0.499992378784163
-0.451458693044249
-0.22332654455754
-0.017474882077037
0.333939619575886
0.586108780521257
0.332933786873495
1.09055079050308
2.59423581560269
1.29250648198714
2.43755865768471
0.767267413004904
0.458779384118244
-1.01754943300557
0.192405026094225
-1.10035797699253
1.78861953289604
-1.4557521348687
-0.634161863041469
-1.59736038558373
-2.64709895805881
-0.132987440887475
-0.914384166966722
0.172345209232788
-0.496025541160639
2.10281502033086
1.73902715585282
2.55591994019713
2.79368578281782
0.837505507390174
1.7317212905437
-0.122097796428494
0.631850636755304
-0.491909580381111
0.318880057045159
0.160486554052876
-1.7413405080328
-0.0326071770551071
-2.28700670048237
0.0594714425881989
0.451657917858052
-0.305335405493036
0.483588623048591
-0.775376853484081
-0.609328251039491
-0.620835363161517
1.07258701191198
0.884270546452818
1.02723914948768
0.912605969371627
-0.351882830277483
2.00905582993366
0.229948447127497
2.77173289679195
0.692642416542717
2.52010650112543
0.987882038866195
1.72310346205797
0.702347681314017
0.679385061244811
-0.0397795367744954
0.574997329853977
-1.280203810109
0.468408621539344
-2.8254634949962
0.239609278407738
-1.74664735264387
-0.480249592539949
1.52799325584745
-0.0207147968865921
1.45381968113697
1.08916204195872
-0.827484273541001
1.48254989339891
-1.06142276904562
0.937415410882945
-1.56288920789118
0.663170767246955
-0.342530657718289
-1.39725729057671
1.54434433757868
-1.64841728281665
0.462598037242772
-0.76679072489425
0.389062234470039
-0.111532791415581
-0.797605117050346
-0.336611115068907
1.28719330119469
-0.41752488294027
1.45151575989937
0.475856306023767
-1.08019825786126
-2.56476483027201
-0.255877887421947
-2.47467829274693
-1.85020766042495
0.956570784150466
-1.19444309185541
0.538005761136469
0.733255252402031
-1.82585415933403
1.03729547126698
-1.6598952736357
1.48889709142051
-0.32470902212381
2.02287952551969
-0.363570667900726
0.406857233622024
1.00598262326942
-0.137124538280283
1.60494627974122
0.682601509626406
-0.0946320879059462
0.214314038632123
0.828081728694277
0.983717236382362
1.59233804673699
0.159718948534049
1.63526615670161
-0.424218806865318
0.996313875222487
1.87320393199851
0.397959446464021
-0.632201870437706
-1.86078635002645
-0.683522606733918
-1.82031610839133
1.0181920840952
-0.470766594569342
0.655720996246956
-0.309155949860737
0.736216379383269
1.46141008675496
0.142008855835573
1.14154306176759
-1.3015841352161
-1.10316917158069
-2.05037081644815
-2.28028134934588
-0.570701787792635
-1.08319284153829
-1.44726337421641
0.600036939261258
-0.852238392884606
1.57612435779666
0.594055133247196
1.99834794923928
-1.33682426583495
1.22108592624813
-1.51407726268701
1.01693758801322
-0.642589826616922
0.767925126316881
0.896473888031238
1.58583890150615
2.31364296775259
1.027019883432
0.256013060148937
-2.43564258236092
-1.67234654183303
-0.473129998568638
-1.82257194566149
0.280257348451467
-0.860809419018175
-0.55665813237001
0.0209992775168039
-1.66386756904915
1.33848635115778
-3.22161713794402
2.09817096197931
-2.16094251132367
0.783299310494407
-1.31317407724367
0.784281418295689
-0.155985249760492
1.8100959397749
0.360891101355771
0.507509791278413
0.0815172787714034
-0.460499928345515
0.992482087206959
0.160793087565951
1.55494556393749
-0.316513826083321
1.96853279918935
0.477056004837254
0.85892598004994
0.930197701108363
1.49256918300337
1.04352078347851
-0.0951917931195654
-0.882770396010036
-2.39329764989464
-2.77557889178081
-2.47975490411007
0.264378753795658
-0.843069699267749
1.24219499647016
2.39799756445941
1.34910216413257
1.81735874420786
1.23347582387936
-0.0907203531768412
-1.71937463588322
0.673190114545555
-1.10345925360396
-0.903565666108767
-0.834919702245281
-1.1243874881367
-1.17211101028446
0.140491745376511
-0.413908395250056
-1.50402606264421
-1.10833871763945
-1.1745954061133
-1.00242090800251
-0.803861000893573
-1.96339152622272
-1.07948310619709
-2.36607218211148
-1.08443154593745
-1.97224111029087
-0.452250154938693
-1.04404557838362
0.578042443146321
0.416683030847295
0.938032869258126
1.35071978444924
1.12642828954519
1.13583183913829
1.29113439571432
1.66185715875875
0.167353588408795
1.60683573230764
-0.636727172742284
0.106072029097154
-0.888086107707836
2.28820695883791
-1.8654443903116
1.62865164154572
-1.06984085608453
1.29098841848169
-1.05118198513507
3.38329649430063
-2.84806299056228
1.16886588693802
-1.20989734479111
-0.899444392936676
1.85037295215928
-0.649002902840483
3.50809372200522
-1.02160416506504
0.849827601209381
-1.05826687475041
-2.14307697690531
-0.290395641701328
-2.47436232377384
0.906516568094841
-2.5350424855674
0.0599316829384334
-2.34968970420629
-1.9274534948876
-2.71461933110321
-2.55991862243588
-2.0634710780921
-0.827661618214589
-0.347688465637143
-0.525028671129339
0.872957237737563
0.67459915668542
0.44162978116778
2.6810760908677
-0.83855345048123
0.306045890456392
-1.73445841585221
-1.45504919366056
-1.39604462202817
-1.07377470754918
0.266791565663311
-0.67895685343764
3.09274905375179
-2.3494347644209
3.82447951489095
-2.62978287669234
1.04700118447617
-1.03484938598518
-0.0782253880300148
-0.0909061185073166
-0.502775547265797
1.41668613081936
-0.0211778826512868
0.6679195032845
0.222518498511826
-0.344423802934188
0.504208659383035
0.999163546183948
0.708704854859361
0.400923958308169
0.431913293325735
1.11822731645281
1.0750110349259
2.34043014639463
2.03084138231211
0.947243791822903
-0.234991223030027
0.15750054519558
-2.01542318509223
-0.283577064296172
-0.510271782908119
-0.335852177218878
0.722560321703812
1.5965956301409
2.16057287297391
2.08674710574383
4.05118031808058
0.789362104905302
1.79765958091718
0.476811088960326
-0.884470024522667
-0.708537593068415
-0.831753267809699
-1.41091266338358
-1.62042004486423
-0.972312347985218
-1.09021034164975
-0.647622083665573
1.01961256536631
-0.154531535539772
2.54425994504238
2.39296997269285
0.370281284694941
2.83593908767119
-0.715806954500804
-0.485906996738713
0.405755186080166
-0.144238127799296
1.49378659559183
0.215574648546947
3.48796177349067
-1.26113569782225
2.18388548908446
-0.788679752481477
-2.27890462605558
-0.639090747182841
-1.82246129763443
-3.6346292682318
0.785836098954955
-3.82680575138485
0.635138377681694
-2.05816994820415
-0.380444931837972
-0.275665637720223
-2.03225173609858
0.0468657035327156
-0.663720752546184
-0.871496610777091
0.17242375160797
-0.991578811669783
-0.545730829273136
-0.958505742374331
-0.210856319719877
0.302490344151504
2.38631659953328
0.617488667753368
3.81097989358745
-0.451109146622269
1.25082811585089
-0.384621732490118
-1.2536025703033
0.61902044394298
-0.0449132549693586
1.30348720597549
3.17368993795108
-1.60156295606524
1.72879867545031
-0.232138307178578
-1.11445903642453
1.3152170281024
-2.70231175566188
-1.31169763391317
-2.12266025516191
-0.18579413578618
1.46558832065514
1.00253846541371
1.66169569751768
-0.349552152024092
-1.46660877666157
-0.472742067823553
-1.50759424182619
-0.0860100976426307
-0.273943670778438
-0.586679277324058
0.537596298031321
2.99968789482704
0.0287750393889995
4.6790881545099
-0.244665880292013
1.68315672740949
0.575575296607438
0.30140883311157
0.754505177708904
0.189391830083641
-0.149579620506892
0.157315656095137
-0.094543185637296
-0.333803200963472
0.277933973604474
0.289378134961368
-0.396741817881321
0.837973494484939
-1.99984701694088
1.58941174334012
-0.369424892996703
-0.0238151128028996
1.00717170805139
-1.10873880064429
0.327626663320425
-1.46493326645255
1.34867309493179
0.0376485805326587
1.73819111863056
2.29098435194524
0.661678317174081
0.641863561209615
-0.209538958431116
-1.01074341960329
-0.523237219807726
0.80872592630187
-1.15929615703075
1.03592383447547
0.630585323012161
-0.799047213780878
-1.02350733327919
-2.07159296084419
-2.17042504725456
-2.40232199285971
0.469267682825429
1.03471887562824
-1.6940453140984
1.17740879303649
-3.06080701784355
-1.76334975028276
-0.456165210190424
-1.40305949104448
0.2455479930102
-1.11322200171034
-0.314350907153767
-0.549982465442888
0.00333364289908436
0.0189490489662054
-0.428792391729728
-2.32567638851042
0.325706999775914
-1.53110087369576
1.79549842955969
0.420964260183549
-1.06269305778699
0.956513883754133
-2.91926495365739
1.68400347223313
-2.0661231658054
0.848788860880368
-2.06655882444225
-1.34531519627096
-0.548086842800573
-0.015218294689135
-1.87223958702813
2.14592239927049
-1.95634137348403
1.05742435593351
-0.166732934726523
-0.320345470196079
0.497844106385903
-0.236284255474404
0.39925466806145
1.48092353474223
-1.35689026667806
1.45923428354199
-0.0684845437363697
0.20076938200364
-0.0711799432281991
-1.32660252265411
-1.34064935673939
-0.994186951064922
-0.612153865302532
-0.849876570320553
1.26471705954502
-0.431955248662999
1.3978814620309
-0.456382605093106
-1.15985920532756
0.505416106009847
-1.18043203355939
1.73616389196282
0.310040872874938
-0.243566779473931
-1.50329324656724
-0.299819440336785
-2.01778950721124
-0.169089081953241
-0.383470496301072
0.196515248437755
-0.996063192179921
1.48206868757607
0.298935907698681
1.57598775389994
0.42411219778638
-0.258144332894449
-0.339266419307649
-1.70348913954393
0.597537076511682
-1.3945001550955
0.312475903365787
-0.115670027774382
0.9147475825349
1.40848372990218
1.5510612760438
0.466661951801173
0.0757491761292215
-0.766037736842653
