-1.13305456926989
-0.02441839801954
0.21637376826959
0.400071309935878
-0.323712980514213
0.197875491424737
-0.355498367084846
0.748941569988211
0.939393232275633
1.45356564228609
-0.240615859803334
-0.0687623336156533
0.161498021695666
-0.511061384027108
-1.20829796346549
-0.99946403934457
-0.374270372464322
1.3895742693234
0.466685358196575
0.650620265434864
0.900539511002103
1.12341520407645
1.64464434371561
1.47449753329209
1.20306601933977
-0.331118747757642
-0.711543109367388
-0.531255513232039
0.751115242074677
0.390961163208589
-0.144254780379523
0.0409844209615958
-0.332324908923286
-1.28835231898554
-0.330775757526495
-0.920535224582353
-0.335744141609941
-0.798552941020134
0.133627468876978
-0.164341721218756
0.800658782484952
2.08617547715437
-0.867655722065941
-1.23198849447669
-0.799676367398446
1.12932487238208
-0.679842330391861
-0.723544998778979
-0.4491803856611
-0.48647932433078
0.304855867717664
0.161785529817747
0.712043389330986
0.589573769905219
1.44559681604398
-0.344318743493319
-1.26784218196558
1.0398043858615
0.501086804571448
0.339185179635763
-1.59130392923982
-2.08831738322402
-1.65491249693234
-2.11586875512806
-1.96728058118029
-2.51384884146876
-1.18622647629689
-0.420339584875772
-0.21422229629022
-0.459292516622816
-0.873620908253102
-0.714368270084021
-0.624618377103722
0.176208439190346
0.174198303879397
-0.286069722222949
-0.239803105036234
0.664604496729312
0.206242413748391
1.70564159144707
0.688896709392057
3.07856536675659
1.57474914623429
0.822798612906133
2.46207132368453
3.04586090658049
0.788607346210361
-2.17633849260705
-1.33156280618902
-1.99045140315188
-1.80319652762319
-1.07239984596197
-2.17394381619967
-1.73852189630997
-1.63091483931892
-0.74261666241947
0.342002551249995
-0.737085560924734
-0.301762615791975
-1.57111604833027
-2.55111909279746
-2.96602775312633
-3.61501651356441
-3.10088289617267
-2.71861743299577
-2.28207278688483
-3.54182675842104
-3.84045022824669
-1.3649333341465
-1.45092093318684
-0.253058456927954
0.531278256753235
0.990506190088667
0.603813881873857
1.31388126722121
-0.371718761101223
-2.14412288139566
-2.23073498558894
-1.44240297859731
-0.9988140071675
0.862582015537802
2.92713685844467
1.92470333435183
-0.397795730117441
-0.509939983388242
0.110578336265121
-0.131294073379984
-1.07617303914386
-2.91758033437934
-3.20700967258553
-3.07646573411942
-4.4728305811911
-2.37941154793456
-2.84970752136211
-1.74294049236962
-1.29435857604095
-0.604498939622409
1.08897058267718
0.67667859684258
1.39191482499471
1.98118539620608
1.76735566074346
0.561952197112821
-1.76282202516634
-2.72032816796601
-0.953528432289613
-0.809929234379995
0.194584570554963
0.758598789273143
0.0320393447748073
0.633891967137571
1.44909266080889
1.0609120277038
0.943126558644273
0.155444442121709
0.559581987647954
-0.152014105398483
-1.81611311295026
-1.51460589601692
-1.16728619243326
-1.27435474466482
-2.09527524916355
-1.74802561611736
-1.26819682898182
-0.580315768418462
0.708481354294126
0.876536806838245
-0.905501248428848
-1.06529982293775
-3.14004877599977
-0.576842115352645
0.0668546957600569
-1.34872879711795
-2.23607678817357
-2.23528939188135
-1.18781524091718
-0.0546981407853728
1.93581155066966
0.653668515644843
1.99669139090589
1.98822231753589
3.41815892177137
4.28856184702626
4.25515112709407
2.66934759660366
2.61894593124159
1.47905966031324
2.46947068446661
1.76415049517912
1.92971316015391
2.07109968157267
0.433630668126803
0.123313630919787
0.355682936704553
-0.980535621207796
-1.08994166537217
-3.59667803446492
-3.7426130202644
-3.42361204295613
-1.73674474006767
-2.34760539725583
-1.55772667851042
-2.13801678348039
-0.219267700134128
-1.68583788553506
-1.02731175700127
0.0854564132319078
-0.278672315306771
-0.256919775898788
-0.596445980843493
0.904385144948566
2.44684400156396
3.35930679627999
3.23035391392246
2.55124904628656
1.02336907365773
1.02099816104369
-1.41284696043177
-2.28412153956384
0.0726361594158298
-0.345907244584781
1.01537622528442
1.56653500795948
2.65084820701315
1.75319591435827
0.934135481146587
-0.948532499213058
0.142979960295567
1.13795728470492
-0.249713869669748
-0.767678863830409
-0.655675156832023
-1.31377779263484
-2.35188074221103
-0.369420721248725
1.86069326898825
3.22040928496832
3.15544875200902
1.75274532337428
2.1074315318666
2.37548978166152
2.47826820930188
0.346591200373516
-1.00220341925851
-1.45125727914511
0.277558374798752
0.537989313351316
0.0262461998355966
1.02660969975559
0.867793735029167
0.312578359523981
0.857853406928427
0.985314015601908
0.671558119501355
-0.672825727313612
0.119997175284908
1.75771901732596
-0.369751131713149
-0.198815810657727
-0.588828566507818
-1.97715077789556
-2.26695805589952
-3.28181079015909
-4.69687772958049
-1.66817948814351
-0.902370618876012
-0.196197712296
-0.445401205545803
0.761438318161032
1.46537115042625
1.49148136204655
0.497009258387426
1.31656160201333
2.18234263370089
2.02262835431873
1.62112170466408
2.24351528992218
0.444059035882052
-0.34087512427578
-1.12535703826988
-2.37985117078161
-0.726166133630338
-1.4157861201522
-0.614327907845527
-0.667089721252142
0.488540589093598
1.7504808258982
2.34587299590528
-0.0454704518132227
1.30343222033403
1.27347134609378
-0.260901904336449
-1.13128317293503
-0.961459855901637
1.28101512234794
1.63485382110391
1.39449448011528
0.640413134967399
1.6143345975668
1.27630785454607
0.0682886899084187
-0.115847018690653
0.672902141931238
0.580761688276502
-0.227879605884423
0.551058188320344
0.235494157199651
0.122211031205553
-0.203374330198773
1.26233723080723
1.97511286534395
3.06550527863711
2.74716031982397
1.8414078693249
2.51903653256991
1.89193084269756
0.0411988274159822
1.1610001126888
0.951343778046576
0.922888778759233
1.78745470784347
0.257279394316121
0.462861559917428
-0.318524997798251
1.68792772588606
1.01685696559683
1.89245333374602
1.14707082660714
0.0536537351456056
-0.100558129865352
-0.710115014162632
-2.07291451131072
-1.32446147571563
-0.0999613381277055
-1.19509878208834
-1.02346080490577
-1.07169451366183
-2.1818811379405
-2.65434299275799
-2.45354963266772
-0.667773002196319
-2.77596115261298
-1.83783982634127
-1.44637597748779
-2.48022033332179
-2.67681987989367
-3.92308946834157
-3.74268159882109
-2.55317534840979
-3.70396964628812
-3.45032585859073
-3.80672182882723
-4.10779142440516
-2.02452735017415
-1.85601561441132
-1.8088938673165
-1.78017870343927
-3.17341767364946
-2.76376568655143
-1.323716194511
-1.51669757834646
-2.36472753146794
-2.09890964736434
-2.46151010974615
-0.770964175126131
-0.0806414426348089
-0.47561218996305
-2.14455509413837
-2.93025412700885
-2.98446323768201
-0.588215572000677
0.285675320639536
2.00121125773968
0.881931151255158
1.43895861567219
2.15985392007431
1.54711500520343
1.05547422062457
0.735759085650804
-0.548848639469013
-1.50702880761541
-0.584240616866839
-0.917042600250334
-1.37734665401812
-0.232733229210686
-1.10557186569059
-1.82718278993186
-0.909317762696769
-1.77851127078618
-1.12250961589632
-2.621590493557
-1.78412877107627
-1.40201676688752
-0.636677243497636
0.258851983423198
-1.36800492053637
-1.10496603526759
-1.52085523509604
0.392940753967446
1.58792225853816
0.320317750633494
-0.00885424256136103
0.560358375140173
1.01998855481005
-0.169684576233183
0.205450561961173
0.785820093634693
1.60821648741781
-0.311796512587208
0.198424671472456
-0.867704676235378
-1.42292727682274
-1.05376209559786
-0.13443478466
0.291022151214288
0.260503778626253
-0.0837716136718084
-0.908789480003059
-0.246990346850306
-0.319443855517527
0.535191474104692
-1.68921093109814
-0.0933780946761764
-1.32032265280291
-0.217773508136986
0.21350790807796
-1.17978867153122
-1.28022706095686
-1.90343642335312
-3.00169794234089
-2.86686684673861
-2.45684283861924
-1.73654486513991
-0.247474902739744
-0.72049135400816
0.337716901256095
0.0802267107400224
0.548581351366083
0.0470029287514401
-0.41124040067694
-0.290485954306461
-0.960482637986805
-1.45796160147992
-1.42621637579488
-1.18367396003276
-0.518180978564737
-1.21455913325247
-0.472872120031401
-0.77176314676572
0.163933083058767
-0.87582978640771
-1.79415624223758
-2.70298784048901
-1.72301083298651
-1.01175403537721
-0.0933214717856351
-1.50235368481245
-1.2436968021862
-0.6728925569417
-0.457724371447692
-1.49413843896663
-2.98118394171367
-2.61788913398447
-1.60828324138891
-1.97533965096038
-2.41732120419874
-2.14536748354953
-2.98964711368384
-0.94399018013361
0.240921421072107
-0.776307837734732
0.207642484399608
0.394389151089467
-0.225967930415013
0.968632583596216
1.62594682995072
1.20333232725091
2.37613410133249
2.77483899354817
1.6944836262785
2.26861632999308
1.98216505242209
2.06029526119844
1.75095032024345
1.99191579169295
3.29057575683815
4.73725295051203
3.15423257081004
2.40472456436328
2.03795604878006
1.66525681539573
-0.219802891585094
-0.795692089551178
-0.0198703644189272
0.289161144809564
0.628809274038195
-0.809454550813074
-1.10729050870324
-0.086600049227694
-1.32575475665569
-0.161078539847314
0.313654194100261
0.223485556309466
2.22815673038638
1.8679167566391
-0.524750981618151
-1.466926584459
-1.72209275122868
-0.437252573561217
0.394609278928576
-0.353260296898697
-0.294294299775531
-2.16557457140925
-1.09045035591435
-0.261585329798013
-0.893228927534674
-0.145430067830256
-0.393746100702398
0.369943932742672
0.176883764412609
0.471075609160505
1.66319867246252
2.6049035775187
2.07717456052192
2.50425670506776
1.84551781573445
0.353235464898773
0.851698655669059
2.39726054368546
1.16192291817047
2.18067978624679
1.0283580513057
0.656451907705302
0.568778790755505
-0.728878939780928
-0.00598177052017934
0.775340327638329
0.307308897425658
0.117408158540002
0.0215854018191058
-1.42589216347912
-0.818246317076178
0.263712918353563
0.412038528444192
1.15200644966587
1.42157511629098
1.95819647552051
0.649048305845
-0.312876677037147
0.558345619983683
0.637530120041351
0.114490538968461
-1.7533741962075
-0.398591748572982
0.47471243786525
-0.438809145156881
0.671177503894763
1.08199879190989
1.13979891689381
0.573774610397603
1.30440625884846
2.34754979689989
2.0163204222981
0.908386218593447
1.56373263042524
1.5031920956409
2.64664820067493
2.10651922923535
3.31388603685619
3.04357180699644
-0.294078419036388
-0.515480866197724
0.0429971860884081
-1.82990931141425
-0.332656529950547
-0.331650749914438
0.263065206889394
-0.477288872736914
-0.54040928266631
1.70303144064542
2.12578573884987
3.71851792009293
4.1122163898072
2.18156868856018
1.91670847530173
0.161102272840777
-1.073393563886
-2.58073703421666
-0.889285294347934
1.37557793095651
2.00080049220672
1.42697470218183
-0.0759530532568982
-1.7379252307505
-0.165763220201656
0.549174031011087
0.880220237556709
0.783368439074867
-0.285819076945505
0.747740042651567
-0.900081095241434
-0.329884295368093
-0.889918008676647
-2.1941244500983
-1.68142212435486
-2.44118674069278
-0.710756346625492
0.336421376471149
-0.37707575033921
-0.797145861098727
-0.985947118968219
-0.859666484806191
-1.50723201929238
-1.41695981043684
-2.16080937869015
-1.2958553199537
-1.9904104101393
-2.60806285500036
-1.99467549453089
-1.38698924701426
-2.18018284656314
-2.12512314412996
-1.10806083277917
-0.815650908566639
0.683405140898824
1.52009791373845
1.38733044139543
0.495391298879337
0.986570697402942
1.25243796955129
2.05575105226633
1.74845571363751
2.46030226264839
3.68016551930736
3.02251714086077
3.25291996533548
3.41114303322269
0.0317587039960578
-0.748288319066106
0.750832696938323
0.537966411906063
0.106362411245779
0.0324628816127089
0.963945152091064
-0.381894730455499
-1.73284582710365
-1.40413406657946
-0.475072419891114
-1.56689439836732
-0.0888496171611846
0.945314569868361
-0.251039170729175
-1.95443758718796
-2.9735104034364
-1.58547146624616
-2.14061971742482
-1.58824309071825
-1.3341279253626
-3.36966909912035
-3.02954653919822
-2.24530106415268
-0.442963337322502
-0.79780516720574
-0.40347874925505
-1.00911049477603
-1.66002389232205
-0.891480506787485
-2.58206827858425
-2.24969993872333
-2.35276578988626
-1.61196157362159
-0.430913748878412
-1.31189557769187
-0.0913371596993573
-0.466899249125835
-0.912161046303166
-3.18958525147795
-3.07762742655988
-3.93280274691829
-2.12550440293751
-0.823823383758468
-0.096392635027758
0.0819952171049022
0.546955578486302
0.267169507841802
1.19664143595178
1.3483947985511
2.10889775102219
0.695875746016351
0.709386240253582
-1.33006694611505
-1.67927842086415
-2.17058118121816
-1.12919692833293
-2.45747788344455
-1.68520647302271
-0.577572479608147
1.18155900728106
1.13125644018043
-0.900619380363448
0.978609251255323
1.26022266201999
1.47000772201181
0.861696527577828
0.291257367454808
0.276569677663898
-0.677480895542579
0.246802958445784
-1.24945111780269
-2.94949382291682
-1.54480888412315
-1.16714388437023
-1.28460916890518
-0.681889166539674
-0.773180466923301
-0.775516920073759
0.0377921079299938
0.595167065087752
-0.256314105588268
0.120207827062387
-0.481081174006294
0.104747913539116
0.376240919124065
0.837403783429516
0.604315566463763
0.986584823765029
0.935559614812024
1.69751380501502
1.11604869417889
-2.07147811765705
-0.630454463752798
-1.11147256650833
-2.69190860162984
-2.60220424175169
-3.26519162271538
-3.01224385281688
-3.28852170636496
-3.22032351628433
-4.32012707336036
-4.9528816646074
-3.33382587684119
-4.10657817605161
-1.38814447969511
-0.0710246874496427
0.553687444070062
0.457616322875127
-0.903154236540573
-0.0582206731980133
0.780013394682209
1.81322616429073
0.499655857343788
-1.5953482442802
0.0329554024953738
-2.61310329674358
-0.315934529053634
-1.70366478563869
-1.795202568589
-2.7138288405258
-3.64963413751457
-4.31157139329621
-5.07742914211337
-5.0165441528845
-3.95327949254074
-3.46107837049996
-2.74281335421513
-2.94104952079684
-2.1951284417218
-1.22140914024004
-2.34801721716159
-3.30186525884558
-2.54733256767142
-2.4651643862018
-1.70352304593663
-2.441647671866
-3.76708676362422
-3.52867999532053
-2.98874952978856
-2.48082552722861
-2.4750058800327
-1.50936343118818
-0.96816451661694
-0.762242660896299
-2.21338150739246
-2.75738099789439
-2.73197995669663
0.0174886915371575
-2.02766706781721
-1.22918485485053
-0.159183677993484
-0.691311882441213
-2.10051809744692
-2.7867903710248
-1.89137140133984
-0.182222364989814
-0.411482633695064
0.604573473209477
-0.345854999287398
-0.124985307575524
-0.232694389273729
0.423572148123302
1.40266883140104
-1.51448349350404
1.55259011408026
1.2723528990963
1.59048586727436
0.38020386899643
-1.08512115397012
-1.05748456558583
-3.30462606159124
-3.67385896613064
-4.22828331559301
-3.55957531232616
-3.05540027472139
-4.91598029282632
-3.99465634871982
-2.26862754350647
-0.60106788464281
-0.800832884751956
-1.26585799232386
-0.322486823464117
1.43094200429457
1.27383384367531
-0.477763990800774
1.00770216391829
1.36036742743366
-0.536539832214605
1.04454114720754
0.545477142399051
0.920462252201388
1.56457562525725
1.22408255833967
-0.409602867075974
-0.976566222135622
-1.80538709471899
-1.61454469001602
-1.11048708825027
-1.21244889644728
-0.267517987694005
-0.180477139414541
1.26971252138667
0.245247458980776
0.270336048452389
0.967788101851534
-0.457607940249978
-0.119477951291823
0.161736005248701
0.808370310381148
0.18402343201525
0.301218671378714
0.520973109861574
0.323217047521444
0.604264722972546
-0.0285571047675194
-0.60774943959058
-1.01868057605737
0.0107519506011361
1.1941781176203
0.550819653530541
0.151390282964084
-0.501163906758395
0.186179838742756
-1.70067461325038
-1.49024879473559
-1.42804605592733
-0.336802757053109
0.237552011557616
0.18865789418543
-0.507984773321706
-2.29921827550534
0.3414979112221
-0.0740081454005121
-1.30776854779835
-1.43399562764433
-1.84295260556456
-0.185296504608092
0.198152570182809
1.18814771023689
-0.181684035807534
-0.814829184056086
-0.511077718765991
0.783379542714095
0.839774999925153
-1.64231496159239
-1.36865005403172
-2.2260515028563
-0.781964849753892
-1.09699675317267
-0.60678344666489
-1.67138933126979
-1.7398489174548
-3.0980411220452
-4.15201098950538
-2.26849253824938
-1.46662539454832
-0.594493176316667
-2.10245573779498
-0.327920087787191
-1.26806511325611
-2.28585646409118
-1.62549568937991
-2.14484603027204
-1.26843636976348
-0.539780877259888
-0.354510755442584
-0.138971532279586
0.514335650993162
0.437533965579965
0.987359821474519
0.397135641798588
-0.133158283428053
0.147758144130664
2.01691408683944
2.76323803194401
0.802539513610113
0.825500372798347
0.638205257660671
1.56141461186595
1.91189906337766
0.120419457236553
0.736521934826417
-1.03663233641116
-2.16615784185419
-1.62793702203073
-2.48408797711247
-2.34302844178459
-1.16996300593389
-0.353182077109164
-0.0576378698928108
0.0517546886014234
-1.82723155184387
-1.54284376397315
-1.79773676370794
-1.45087620924199
-4.40092149007065
-4.20642989705017
-3.03475502469235
-2.46244512378807
-2.41895339878064
-3.04853422425043
-0.0614479338039278
0.16407316432072
-0.950428610263674
-0.0226359071616326
0.374546134357875
0.604032822653673
1.51614550742732
0.0389076132264283
-0.00613472550580831
1.91210441331143
-0.0302366473795497
0.00563864513685182
-0.450787835658403
0.155476500571668
-1.42077753931257
-1.99502449051591
-1.91097964466175
-1.75633777456991
-0.77515153574835
-1.64617097805967
-0.768895883255395
-0.873558171791776
-2.22818367238639
-1.02371736930155
-0.831319007459671
0.566895440100449
-0.987663588935798
-2.23186607223045
-1.24203127473009
-2.62320298605839
-2.47992912176403
-2.01179312421539
-0.825542369422925
1.57519900208699
1.43468329148438
1.64654404745626
0.23079860109262
0.833373170381538
1.21123771508567
-1.01711119467207
0.525818365916032
-2.30488668955405
-1.50721101367271
0.147673873921639
-1.7887099414708
0.186376954517388
0.0340273942793064
-0.0683174615889419
-0.579075620641605
-0.373431697385045
-0.662532927306834
0.164254827171193
2.49775182373913
4.81768869040473
5.77626024263199
5.08519952619836
3.11460059264101
1.58154064187366
0.589053487626874
0.78052190555988
1.08321604797949
