-3.21089415004668
-3.56702240852289
-3.65063771827465
-4.18858266537505
-3.85533874899502
-3.19115363863376
-3.44760367755715
-3.98722672553885
-2.75925748469343
-0.972291601869341
0.969760654789613
2.28836654451195
3.61446847157217
5.65286879965382
5.11900059554841
2.97531522063253
2.54133508104371
2.15481778223455
1.4761895343103
-1.17580161454476
-2.73013783083114
-0.531003464062654
-0.144642185008133
-0.454152749042539
-0.569869727767498
-0.886809068518572
-0.797723958545991
0.437767674373562
0.54376685647977
0.31489885926604
-0.233741522513628
1.50665920738966
1.99050575484643
1.24369805251073
1.21008712538517
1.98792449760257
1.05949389918876
-0.693138916505109
0.202619623038267
1.82663006060766
1.80322860795874
-0.0779073505269114
-0.681187005710405
-0.934797235194198
-0.294421123776404
0.976232007862053
0.66950041767702
1.51024238738448
2.62422074119035
3.41412650776834
3.2103869315744
2.62175562550792
2.27072150954406
1.28862435479156
1.00344140934414
0.701522680078633
0.883533504316564
1.47274802889725
0.389885362101601
-2.34186678609016
-3.8869310134609
-2.67407707508722
-1.40956789711605
-0.348398392976853
1.92297630845749
2.32869629554967
1.49835991781773
0.687796071944772
0.264952044664797
-0.291314149936427
0.0929187899069631
0.324976192231395
-0.786240804147363
-1.52664671411389
-0.931592231073912
-0.438901502982629
-0.0713811568416887
0.397310428012404
-1.52851193769095
-2.85019345063461
-3.12770565993294
-2.94781530364488
-2.78901456446156
-1.12998369944822
0.857865307430458
0.408628353354084
-1.03881762499096
-0.460667113010771
-1.0422016940218
-1.99694253055501
-1.20329939555836
-1.65606731771672
-2.60088572119778
-2.70096330269578
-1.72582394247204
-0.571823047292753
-0.162588073525278
-1.75479914343793
-2.41125789388331
-2.44329213755214
-2.60289511843765
-2.69799048988904
-2.42174937892607
0.10421830218708
0.55466949994178
0.39871933034411
-0.934593141410825
-1.94236754735643
-1.3705088624448
0.617642825519827
1.52901530946118
1.96209145042161
2.49994365071635
3.58829285632433
3.98202326352861
2.18377398996399
0.692828671107351
0.256722741897899
-0.0347032291790757
-2.08255096126899
-4.07063901357821
-3.55394745661618
-2.90912445085936
-1.94355409920356
-0.3834433240171
1.61690073070807
4.80754888510115
4.97622861938394
3.03612444497156
3.08858922529698
2.01997414502183
1.0744391991254
0.902053339664906
0.13564489816866
-0.536942034050214
1.20963791119191
2.91467658751188
2.78989323042387
1.69531294638424
1.20570772910082
1.69939887251824
1.35185063679708
0.545481601734087
-0.232610365410746
-2.10458891473642
-2.22824454626395
-2.86266818440251
-3.81633886613048
-2.75840631752907
-1.25433465846128
-1.57225134569751
-1.12406363348992
-0.459503938275635
-1.94312760179132
-2.07076954411871
0.466772864218089
1.81651905657279
2.55928406253105
4.70637386662786
5.85101167725795
5.46775497799284
3.31027054607997
0.533458367941769
0.193855264340552
1.77419777337677
2.33238841518262
2.10335242441354
1.19519371241745
0.539179966158975
0.869119602952636
3.11613407333962
3.26120235667815
0.0544814839141261
-1.11731091256569
-0.527413137292997
0.790076960265109
2.56806081989215
3.281781839707
2.47964447895631
-0.311247497014935
-3.58781656180939
-4.12805689381623
-2.30556940381419
-2.838031406342
-3.92888843454017
-2.63046970566728
-0.959419504969998
0.712969962859816
2.00856121386138
1.51412290221044
0.889598161816149
-0.310343375137932
-0.996668184280628
-1.38966818317207
-1.91387888227925
-2.99274974057963
-3.88829689995767
-4.4523623987487
-6.24224153020773
-7.33016525038034
-7.35258968846789
-5.17994625024759
-4.37080276322897
-3.95527523476042
-2.92169128115696
-0.113110632709845
2.42316976085586
0.648121645487085
-2.42006248683559
-3.65153757730827
-2.83148762294757
-1.8039663495709
-3.84416741528431
-5.01701194112143
-3.51371775337364
-4.70536008556772
-7.36639390532537
-5.80899251221568
-1.83503013173278
0.326302995450623
1.36521999961005
2.42489002026552
1.72308877012809
1.52674339898638
1.21007029344304
-0.519285378155924
-2.44632302404826
-2.51333493587823
-1.74000212883052
-2.96500297300179
-4.06924409590358
-2.43927028634991
-1.21640321032053
-0.566656567610219
-1.43255769435177
-2.190572515633
-2.07292005943242
-0.649464575613651
1.23895372837711
0.869590918034006
-0.359166329758448
-1.22722702584442
-1.42911566802232
-0.687190380530828
0.141013595600599
-0.0091023576102804
-1.89927156397564
-2.6566665165167
-1.13193774560466
0.188988428334973
2.11934829550807
3.10838047211789
3.64586509975206
5.34731588882578
6.20170809553183
4.83195230977131
1.88169301871297
1.10309661287877
3.35602345244021
4.70506793366221
4.02129704692253
2.48381174130073
2.3388655671099
3.83267668467986
5.20012314875561
6.80617128799617
5.57118232164457
2.04611833688613
0.130152292229976
0.346470481540014
0.907695222417397
0.59597356885394
0.771499280822847
1.66252902573337
2.34514195400286
1.42376038053421
0.61564656323682
0.677447023345588
0.0452310818794527
-0.146332458013436
-0.0514963646674567
0.459937914983613
0.997397561396575
2.37395061984732
3.00753366901003
4.06688409070124
4.1184800648227
4.31661751922485
3.65471030479192
3.28519389833642
3.77373441824898
3.8808267163271
4.14083136568524
3.57566720812331
1.91158093950409
1.42647590992171
0.104385413026288
-0.0992231005885072
1.14036695358507
0.718172970112667
0.475341341706475
-0.176881974557257
-1.22294403059634
-0.7864420821391
-1.74093294333964
-3.5684432357276
-2.58414246428977
-1.30920694745712
-2.96428466523409
-4.51216501888937
-5.2504033035612
-4.33518811727463
-3.86780009756838
-5.62737018312931
-6.53927082891097
-5.66582389809751
-4.61028421476525
-3.67748371052168
-2.82378401757884
-2.95553899391653
-2.67543361039461
-1.24424724933258
0.0795392414901008
1.25467987643424
2.9915476605883
3.84982897074362
1.60866385323448
-1.96423565190672
-4.04662020019741
-6.61010919594374
-6.0639225497437
-2.10722940493069
1.24554276114022
4.94460112341164
6.2179352010293
4.54203873756758
1.84726323793496
0.171266956002258
0.765132324756831
1.02446129156141
-0.172152705317624
-2.94748780160279
-3.45952537906013
-1.90492812423663
-1.76361930011143
-1.30809251008597
-1.0153638293146
-1.47802113460231
-3.34253395909036
-4.45257102261268
-3.58060234436737
-4.11907011580999
-3.60708218171957
-2.45231643642283
-2.38552375838013
-1.83113497343822
-1.62993943721337
-3.07684990971773
-4.50306460110069
-3.93474647866603
-3.88450416661609
-4.7705080603765
-3.79913608169366
-2.7591930010149
-2.99345802289809
-1.46076046973277
0.334814709188066
1.9777410728108
2.96472721070192
3.95751947760508
5.24949795845301
4.32556700532341
4.28308901108255
3.97987884179928
3.87573161903652
3.6299527070075
2.02653380473713
1.86605544748509
0.185503932045361
-1.5788332155296
-0.644510582168512
0.381717932609381
2.47399037728628
3.50039243158442
3.97767158936098
2.95718812977054
0.744410528444028
-0.561814020733483
-0.479508389021911
1.77853378242791
1.95750145185147
0.0129947743967562
-1.90121339955487
-3.28313582940774
-3.71951723805276
-2.64839556504889
-1.27139066271643
-0.764057136047067
-2.00263540345355
-3.78898127777148
-3.36497432067072
-2.64725204725704
-0.937988129875487
-0.29146421533441
-0.682565597900331
-0.0433101861597214
-0.229610542380113
-0.952435737891636
-2.40902692355171
-1.66778763705368
-0.431628680355273
-2.205197428091
-2.2841977469133
-2.01967889719716
-2.77169592244136
-3.62953887494529
-2.91559814536004
-2.59954570822635
-2.49676909221586
-3.50660213557339
-4.70409982996546
-4.12069241906736
-5.1776341550015
-3.80421522114203
-1.68713359462685
-1.3065469805344
-1.23002010039502
-2.48714442822008
-2.97300453105915
-2.52699925134444
-3.5282864470009
-3.36173097807055
-2.14040799445405
0.690192858531594
0.674357955382831
-2.3944121967858
-3.96276324765209
-2.94929613947305
-1.99446526073287
-2.37495284827637
-2.14846799807064
-2.10178645682167
-1.85399487801911
-1.08810965107511
0.274965868285188
0.486845652107398
-0.362483402208627
0.399174412592815
3.05386870225408
4.03268698476244
3.7363375682973
4.1780487421879
5.512881311665
6.10722141988522
5.88961458603186
4.86812258501496
2.50719014496078
0.93257798383075
-0.168217685876656
-0.467322474579064
0.286176370817149
-0.640517276483076
-1.30615994318379
0.510542983271652
0.860206385786428
1.91682755367764
2.85631856983482
1.98584996976962
2.87059351574537
3.2013794470885
2.19288532561395
1.8739595781197
1.71831571826096
3.0129518166338
3.19564016012328
1.09736696229083
0.939703896285962
0.767173449305451
0.295890741495881
1.1878189119718
2.1920516336698
3.04177353550969
3.92115671547345
3.00879787238999
2.07052849157945
1.64380089196594
1.39241775062368
2.83810154442251
4.30988832028592
3.63503510464996
3.8456795156356
6.21391831805316
4.8293996262209
2.78989138917623
2.67051518388836
3.15587921022358
3.87617598367841
5.47926802086526
7.0016589630883
7.36186575963885
5.30950448831255
2.60044812819691
1.67987120368724
-0.710449078514823
-3.30841907288464
-3.35979650875545
-2.39544923799266
-1.80198173433688
-1.73938670644453
-0.403223698434863
3.06549907348708
4.55474180346152
2.84126016320259
0.49092326773186
-0.393107115476842
-0.247274156451395
-0.850609639255387
-0.686891946913786
-0.467495854054211
-3.29298075684995
-4.00541765087684
-4.90024502028298
-6.75796676722155
-6.2197560577489
-8.0724217966378
-10.5516782348615
-9.35112900074105
-9.53012071782975
-9.40425923597492
-8.01234829865539
-6.76643532133957
-4.27775182308763
-3.31561718519841
-3.71596891000874
-0.881805985284616
0.955231096698739
0.550611585830967
0.01815287930384
0.0117728785753472
1.16691521925865
1.61885721022436
0.95753145702055
0.967906636616278
2.23413077149887
2.07342754182711
1.35491560276303
2.23486691628913
3.02634235447061
2.867127108586
2.29912321274264
1.07437296233562
0.269633364374001
0.575137039022014
0.088054211789776
-1.51115805443494
-1.85109803988969
-2.00937235674914
-2.8081939358217
-3.30465358272952
-3.16477686855513
-2.21806250429074
-2.94464333113922
-5.49152028886786
-6.23242540912276
-5.42227163693173
-4.33265668886154
-3.95330017757697
-3.17453114544781
-2.23822054905984
-3.07036727910677
-4.11958238328285
-4.0985144328917
-4.55326061464211
-3.48207469380399
-2.19128299574319
-2.08293257637199
1.42343257567698
3.37374963888743
3.42629529938995
3.78330316128764
2.89209609516616
2.38378487970818
1.03969121530637
-1.58377112985086
-1.79119408284787
-2.04928191728467
-2.44596108694682
-3.27762440839769
-3.74957390270719
-1.59817408925904
0.83708243380952
0.363792220780308
-1.16619670222163
-0.747025789925179
-1.79506916031945
-2.27426612608105
-1.69735374320278
-1.52447134555646
-1.80911887694775
-1.88670622690442
-1.46472281767948
-2.29771981301126
-2.09206878161566
-0.77523735655617
-1.72600766330009
-1.83052774678906
-1.24354418479233
-0.157730978460082
-0.651582333912212
-2.67909230832086
-3.51870410160195
-4.13293359708245
-4.17642065176373
-4.69312207118274
-4.50959929462158
-2.16035777145413
-0.909187392545429
-1.55674606251466
-2.51614154598098
-2.41241627974778
-2.07959330176679
-1.53119956339502
-1.94364268176329
-2.0936991207069
-1.11584398438469
-1.86623459638578
-3.04782415850704
-1.79204842923828
-1.11813729042614
-1.92809225935554
-3.18767316861121
-4.46382696848217
-4.13102377919975
-2.83868752674789
-2.96646455725455
-2.6633004298781
-2.5992570138867
-3.18249843203545
-3.67605314190442
-5.57071024712637
-6.56468978055212
-5.32099288379891
-2.71020390062081
-2.32208882896358
-3.02203406274357
-1.73302494011644
-0.519683089656037
-0.771776332900913
-1.28860059698065
-2.66542477275011
-3.26773777924729
-1.64141521727915
-1.66492875464855
-2.40027546578832
-2.52467978216949
-4.39190515026026
-4.83459782120935
-4.07684785687134
-1.8732572884811
0.0563318111114111
-0.220681114188954
-1.93518907128887
-2.54530991675528
-0.798670591880598
1.05487423363401
2.32303411793253
0.975863935121645
-0.229374169304809
0.87416532018688
3.22412966988913
3.46734744498227
2.24996319025952
1.67463582620456
2.51701074527153
2.84270750751206
-0.321953258322148
-1.51483160251844
0.340932242683072
-0.632171384689326
0.831969854975968
2.66422296045376
0.819297125215501
-0.731519802900268
1.15211619752383
3.51941819867288
3.47028987457029
1.16623401557376
2.68215933868944
3.52445518056147
0.263402172700137
-1.75441430359523
-3.051450281939
-2.24813815169254
-0.849128448881051
-0.744096737848085
-0.764236929727944
0.183496360805153
1.14216815543002
1.70580242336973
2.2426188730924
2.67903398719117
3.84229461934267
5.38567823871568
5.62034804102419
5.77048700351152
5.42233105566249
3.49445914654278
2.11864046754722
1.24819744394962
0.297478448733722
0.235618978344479
0.622444967795898
0.689910204341821
1.94130335630006
2.50015073325033
1.51995804844569
2.09980619201114
2.97433107920808
4.42662062471146
5.40333812402745
4.22916710633391
3.15536870126676
3.05775212596323
1.92738445182124
0.700592603090108
0.918904809000808
1.97553696600123
3.59441292490357
5.46547160089844
5.97948814279818
5.48484857516855
5.8101599910351
4.36778004160078
1.72758718229148
1.14959264997501
0.0494356067484372
-1.27494811825733
1.54321268451176
3.26289998725571
2.47295384077139
2.34900016195399
1.52583875286487
0.339508824039531
1.16222955784525
1.28889186169821
-0.431075164874402
-0.527059169860872
-1.48172909686087
-4.287258882102
-5.27867515411027
-5.47969679705025
-5.17910240426256
-3.09751776725709
-2.66322299201986
-2.47937266694974
0.00239552082487382
1.64453403610718
1.83599131437884
0.246363645693548
-0.927038618568225
-2.00677276830158
-1.98283331621486
-2.05298190600772
-2.08409058036702
-0.485809655462619
-0.0672083269101479
0.710051101448564
1.30704261680432
1.95745073910886
1.33888577321114
0.307551490098816
1.35469144373773
0.744231067370453
-0.967370813655696
-0.211838297328627
2.81724863866611
5.23443008358994
4.75178568018938
3.97344587995842
2.83740573171695
2.14182493510759
2.70453070468992
1.8746152339017
0.220402654357333
-0.686669007333634
-0.500710863266214
0.212960923579905
0.338767033869375
-1.01938456047192
-1.60171849935661
-0.415455574023383
2.05473988123785
3.17959835643544
3.51340351354668
5.58173921408602
7.93579139277871
7.94200190271923
6.31658515329368
2.31761670187007
0.702970099437614
0.966852709739694
0.791629948067538
-0.899233248200641
-2.11254229839477
-1.93226755823073
0.453335087278329
3.5603024149727
4.15421419227763
3.44888833410239
3.7176087063952
3.09384286192279
2.33085793048517
1.80622931560436
1.5932422663254
0.299625740317912
-0.365754397675447
2.49981002382961
1.98277045815713
-1.49269054294014
-2.01063592565373
-2.11991263834669
-2.74128116294088
-3.59288984305598
-4.50459835807536
-4.81673229421051
-4.20534135873433
-2.99516683679322
-2.59791479318044
-3.12409910225416
-4.77021187273623
-4.73271416507293
-2.88992112121664
-0.858049977888428
0.763758874840568
1.04593296676223
0.978021893392096
-0.0144990710849868
-1.86387483703114
-2.95674107573458
-2.79283082481342
-2.04744485039332
-0.687213201249675
0.973011641458326
1.91165841814804
0.989340611533801
-0.626985185061977
0.26155857023738
0.609381826003821
-0.559695227454561
-0.292671527906126
1.02768989198982
0.816839437547515
-0.238691343118372
-0.274873688163055
-0.339986757171017
1.35441146705765
4.27633230761821
3.92604021519495
3.6213792979601
3.44271560160262
1.51805437122855
0.531036553270436
0.923179591075617
2.1706186438564
1.65591408966626
1.33659603034148
2.11629405517744
1.62834699856762
0.508141883804386
0.719942017574897
-0.427817223930829
-0.681649525877815
-2.21094125843365
-5.31141499904084
-6.42324244554809
-5.95039390029051
-1.58711495978902
2.01678042707623
1.54515395257946
1.61200673802386
2.79370017059068
4.03489138924633
3.28870683594937
1.88553041590427
1.34039484326947
1.05653208309553
-0.541088312948947
-1.18402047147056
-0.573564756196034
-0.831544918891412
-1.27201394960941
-2.50636326253847
-2.31795826408583
-1.10049380063989
-1.24832527795416
-1.52768127640215
-2.82468196904703
-1.6884125244162
0.602023423217661
1.67233751860148
2.73813713992842
2.35215139396307
3.54721015792186
4.14158539962218
4.78128845157081
6.69243839259095
6.25769899584341
4.87812344207498
2.27975151182634
0.183401871858259
-0.838945003880057
-1.38920349191986
-0.467788402396654
2.20338302207109
3.26194866458551
2.02461106535393
0.203124195596249
-0.54069217381639
-1.64824111203343
-3.45218351339736
-2.94875627047171
-1.92020992587815
-4.12228215873442
-5.83071678437651
-6.3121032206609
-5.3568372427877
-4.76322907434221
-5.91625086713791
-7.84215142353558
-6.84937424658143
-6.50456542527324
-5.99537742945736
-3.86380550890255
-2.70091626225666
-1.78527204928281
-0.675050148159081
1.93568388958388
3.82358647222272
3.2997928568138
2.91221371659107
2.53640677710639
1.59156212739729
0.0967883349991299
0.030332975774389
1.23093149592848
2.61298414716281
3.39300853445289
2.86484436316397
2.60817545954952
1.56645707604656
-0.640782078147752
-2.01736938866746
-2.29399723950095
-2.57246946792637
-2.61406588306328
-1.83762691955334
0.225853071817364
0.490973651347733
0.276498627847209
0.767034973561758
0.338193136937081
-0.273073592745499
-1.3901473686246
-2.17358138350715
-2.68666338972825
-2.39839264717775
-1.40407868455733
0.291335838982114
0.585479881017682
-0.279985670066923
-0.102475040232415
-1.26034980328946
-3.07727591290329
-2.88849586366209
-3.16050077095636
-3.32360170093027
-3.55530881501821
-4.55882519307364
-6.06118376132109
-5.84789439279177
-3.27859158941816
-3.09279925812216
-2.51197225791822
-1.24352485572822
-1.83826508012408
-2.41705517351493
-0.349391491871954
-1.01849031510982
-1.81899425129742
-0.301423996766526
-0.891311540221051
0.620749305733024
2.64762960554899
0.856707637861579
0.155375490934535
-0.435371124738259
-1.68320284974988
-0.440507511344898
1.25484965905555
-0.00780097902010679
