-0.467090916054439
-1.23883525878115
-0.404669094130232
-0.289470283834249
0.0660992414665931
-0.515713925905709
0.500163031047362
-1.22861820273256
-0.44573649744272
-0.347935372437177
1.15742706025333
-1.46943408500697
-1.69833610959139
-2.99595720975283
-3.05484628274058
-3.47358052523842
-2.63075974145714
-3.04959565547477
-1.28831065094537
-2.41216470405646
-1.19000138354337
-1.66783272076209
0.146087269174916
-0.574323678620524
-0.623326283192091
1.3830903710062
1.83941371613177
3.37455046089064
2.46212871719432
3.11662116065922
1.85218773333144
2.26013963834058
1.34126698788156
0.830304806335737
2.06706771915099
3.47283470129563
4.46975006584438
2.32870570915709
2.56192609323407
2.0957365355347
2.89621679344968
2.14054510413904
2.34189889276276
0.864083763182182
2.70878120469393
3.62288145423105
2.22959384350112
1.81041664638846
1.76750764158325
2.53298199130847
1.8817433212093
2.84794386433353
3.10211346605438
2.99965902053465
4.09302640593857
2.6128677400885
2.84098696889101
4.19450933509546
4.90440724421124
3.80292868196912
3.13061909100263
3.45965461123019
3.47550549419425
2.62621140773094
2.673442199852
2.79143542717938
1.27213305447058
1.71204466053405
1.29658592226287
2.71289898031518
1.90935081245216
1.57352711216797
1.66073540350128
2.07191635701742
1.15297865463336
1.30478520429481
2.25881225589541
1.33774121237229
2.7868431236738
2.35128824931724
2.55568177009252
0.907342783140898
2.82351738071963
1.6221546396909
2.95788548012743
1.40987350464727
2.49439389876198
1.69316164064589
3.75271703044619
2.56343877012389
2.48694925943775
2.09010290898812
2.3416712590441
3.36286903480586
3.71421004706347
5.00639315112628
2.53777888991202
1.96982584204376
1.91036819767319
2.92547211033215
3.42318532450014
3.1553480554548
2.59216728726939
4.02740018945804
1.75256155441164
0.313469793392608
-0.0826271518734933
-1.12215305154376
-0.169938260614437
-2.00507543432087
-1.42695894505138
-1.71924397504563
-2.06408993824725
-1.33579264721396
-1.93003875150129
-2.12565816755821
-1.18316282994395
-2.34881424088351
-4.85392292781924
-3.07169054405842
-3.67986444363626
-3.54272479838713
-2.41977499926202
-2.03142816943123
-2.65237811262257
-2.34737716746473
-2.07916601389674
-0.960776806691167
-1.60604503396124
-0.146339021312932
1.04865411715791
2.15683511687407
1.04525737222134
-0.377332018098734
0.77722887843237
0.349163733301277
-0.0195046900885969
0.410191631024412
1.05593772889987
2.0734435309734
1.14102258668659
0.538203135370011
0.186556844445689
-0.173529481375075
-3.01776267590891
-3.58082157076871
-4.36510242572527
-3.48319823480954
-4.27397257535558
-6.00639599508675
-5.4775500115418
-5.92698964618774
-5.88922454860357
-5.57115826469496
-6.60008420271841
-4.65168659244748
-3.10650259594983
-3.7347735904699
-2.27099784418321
-3.526543636363
-3.43618947822029
-4.51302790372958
-4.28803319789106
-4.48653112429149
-4.01210131242141
-2.33090848991567
-0.895941169419031
0.544935137986673
0.111267833830782
0.415398038446683
-0.188717716685141
-0.22725412687177
-1.60018030930671
-2.61515350723438
-3.06233292451174
-3.27390509616502
-1.73028254801742
-1.07009001407283
-0.730442847326569
-1.35438661323346
-2.30839895086394
-1.56346414177013
-1.99010481571214
-1.2036365722281
-1.50437243588381
-0.604909809336404
-0.705923191962222
-0.708337063670159
0.231506425828228
0.884235744878602
-0.470951137374282
-0.0859165494224847
-0.612497248037852
0.104552630207674
0.554077691011983
0.598121586980623
-0.514725372693522
-0.0728220292430206
-1.29654443540293
-0.470030852728971
0.0391412841319716
0.354683813697639
-0.909331650599497
0.11905774521621
-0.406024925383131
0.00705419412350766
0.279552245158254
-0.873112798966585
-0.245413933430944
-0.739161262395277
-2.68898959470041
-2.59875830855818
-1.49928126602203
-2.47264665591742
-3.12488339119761
-3.08110249014717
-2.46674434466062
-2.79440992337989
-3.12179779758776
-1.79890635886059
-0.727965773229048
-3.9843777758518
-3.05217009879806
-4.83572759175793
-3.34016483079097
-3.45109884387785
-3.29263012369355
-4.07575721553252
-3.90904760885508
-2.59571194380536
-2.50775770299494
-1.72205876966044
-2.04044446901839
1.75291865567068
0.893395587707804
0.383477467035762
0.715769500786319
-0.00502521170069103
-0.484399565260606
0.519142357390353
-0.312392333994612
0.769697136776806
0.541568108690123
2.13049110674345
1.82246062754162
3.4276592661782
3.49840475862001
4.56062107090053
0.56360042373598
-0.235791647129294
-0.649059110422789
-0.710089027661583
-1.2807320010094
-0.832350662914292
0.265069686024905
0.614261429003794
1.65594692644404
2.60153666921409
1.96538932175892
1.38005296503493
1.55675926151737
-0.265733357038107
0.894581600272244
0.137275947458793
-0.342754290207599
-2.66605836603916
-2.29598933706975
-2.97049581630691
-1.53851255075982
-2.71579105391364
-1.28190646854219
-1.9183775903906
-1.3564501342559
-0.942902476490802
-1.35591450385387
-1.78509222253813
-1.873849511758
-2.11816613728399
-2.30695780655075
-3.38420684223405
-3.27167811846512
-2.46843442611909
-3.02302919431776
-2.18874803619736
-3.61927048798222
-2.58533737480077
-2.56855524187529
-1.58585251274127
-1.64953674971708
-0.442769049715596
0.0159009494364639
-1.37443646706495
-2.28485434423627
-3.20669265130646
-2.80529168231334
-3.44394121722307
-1.98696703728508
-0.178580873736434
0.620390694028804
-0.327989871236173
-1.27002186695468
-1.00028559927615
0.723903396155823
0.530548113496769
0.82592755360624
-0.622104614193832
-0.906273329444942
-0.762657920857704
1.18981093921416
0.12035996676356
2.3246991380088
3.44874177240117
2.5212385608716
3.41355749840275
2.46318187727012
2.02926147017442
0.835587314905503
0.668014680667113
0.975932823667301
1.07333642786309
1.60558878290217
2.15682953925448
3.19332965092429
4.54633200371165
3.19092423674212
2.9726825303119
4.48547658878156
6.30229899446453
6.70776825577307
4.32802338773415
4.89571516054795
5.22932227098025
4.30960959168132
4.12198353435706
4.55646797934669
4.29928398709316
3.29638458322616
3.9368423028927
2.23341212211651
2.58403972543945
-0.191970487924829
-1.94163826032482
-2.75348584789989
-1.55462545699239
0.24023261392715
-0.377272614240715
0.810608071531246
0.526240970093627
3.27342684858369
3.57939078356152
3.13695759771969
3.15192201134633
1.22893667201987
2.60208629133041
3.23075402124919
2.46610194477417
1.66959542389486
-1.71353579092155
-1.89518047312048
-2.75645969575411
-1.88474148169173
-2.70194101306493
-1.26045366942144
-2.34178153157081
-0.648803301460085
-1.35425128083384
-0.787423056719846
0.876545597026008
0.403998534176203
1.03408730949517
0.627422247758015
-0.0785372153544689
-0.205869791056069
-1.54591646917249
-1.39102343838294
-2.11845348239313
-0.55540197846604
-1.50414841324865
-2.15251071009523
-2.72808375977855
-1.3743751315218
-0.592869041655336
-0.922305550703632
0.902509318818512
1.04210444416762
0.149740381288364
1.04986400477285
-0.309251067918033
-1.82788092442719
-2.77155937770914
-2.6806426447385
-3.21453281115386
-2.30519239139986
-1.9838129623394
-3.57005073337045
-3.52658915727862
-3.00896595164652
-2.91180993238778
-0.935250320581043
-2.85328237860185
-1.96795324134063
-2.9651737026749
-2.07490127935135
-1.00792487850118
-0.351138221339304
-0.433468884707547
0.28344592754042
0.556243738256428
0.45503974013427
0.953938203127805
0.451300625471044
-0.913864587559711
-0.205034144324704
-1.06634506984794
-0.777883328445599
-1.06835224797116
-1.10105380476379
0.713856866324552
0.949280947691309
1.53637303693009
2.49822584998972
2.8145992585907
1.25068355546362
2.97107717164889
2.74673544184838
2.08717485127381
2.36971514901331
2.15697915161246
4.13707819756093
4.28721373016766
4.65950861259091
3.62051115460948
4.68972810718646
4.23784904812373
3.91158980422804
3.0399406947707
3.402718247445
1.90305677750094
3.14766862636627
1.16877262898719
2.19865488303971
2.52954925016284
3.01078609792274
3.29605547678509
2.37975470982835
0.293950505382377
0.876177782447506
-1.6355600363025
-0.456808103612968
0.0856406693619836
0.908712067645622
-1.213222676961
-1.13887943441851
-1.24027090140713
-1.23439932982174
-0.998909574354893
0.481494114531004
0.80538064447895
3.3107882496035
1.8787568123546
2.34166525572518
1.00704188340787
0.257986734615147
-1.27233834009635
1.63407396647024
1.65818231791449
0.842116507645817
2.12970988458288
1.58103711894165
0.367145183500079
0.56286438747063
0.0809399236012481
0.54850176999333
-0.470234973322721
-2.22940278320574
-1.99138108899953
-2.90976603634622
-2.34451089721708
-3.02853162005399
-1.98686080760257
-1.404838190631
-0.678339817028437
0.620433121899952
1.3952391757793
0.0911764774243009
-0.593574272301098
-0.589704713573941
0.465013209622343
1.88332235971813
3.05603652251535
1.74198822436605
0.911080992621716
-0.669169211032633
-0.174362126382732
-0.199090862667935
-1.5083931849868
-2.7130090151112
-1.53617764293326
-2.55778510968601
-1.57613229899199
-0.439398468267398
-1.21002212771123
-0.0331063999779595
-0.62549564133865
-0.88403577260954
-0.906221606323065
-0.938480663746206
-1.73391229378772
-1.87876833305804
-1.99094690704457
-1.71871527144441
-1.26625512726993
-1.44661123760397
-2.03422700442857
-3.17595487124278
-1.60339599121899
-1.26220332542561
0.59372375658312
0.461604332016175
2.58083702687497
2.76487125200389
3.2656040403376
2.27661577825673
2.36962593533384
3.90137175960303
3.03647662435999
2.34632473678512
0.470064657546641
-0.373630068249817
-0.837314072779073
0.848241127089751
-0.974002389850604
-1.20950077983128
-2.23520771592078
-2.04008560665001
-2.62766109946682
-2.54349757270365
-0.72736719581553
-0.036019651636841
-1.18949659812663
-1.86433081179926
-3.0689785627085
-2.47125417901928
-3.63390284844857
-1.67597050494657
-1.63335421195594
-0.950802975815408
-2.22631855185247
-0.937126718620139
-1.96644086442176
-1.03405898177593
-2.73062851480889
-2.91654747938556
-1.87058964015981
-1.92704013810134
-2.27630927989248
-3.63023450850334
-2.60300539458739
-2.44377397859117
-1.91772779881772
-2.48535041348465
-1.87225870867805
-2.07410206270241
-3.68469987370254
-4.17481959442013
-3.76023814241332
-1.40809983403737
-1.12985225822692
-0.447689315569694
-0.00196073656899798
-1.43778051786317
-2.22970853923949
-1.540362725472
-2.0735376426111
-1.44324745201107
0.588823914344961
-0.493588977172145
-1.40085520648931
-1.63187012324539
-1.06612249475742
-0.702609190803575
-0.355076322380093
-3.28879277605787
-1.61947455160677
-2.02332547803103
-0.916782723798626
-1.81699962742236
-1.07795077594831
-2.21465742821945
-0.0559090635190096
-0.266076824352331
-0.838603918741043
-1.06219410148233
0.0633811079885308
-1.23447248554471
-2.11612348098666
-0.0561935794852717
0.490136894893806
0.367216324762245
1.35545836021316
1.28354382551292
0.833663763695049
0.115846480463613
2.25627339719288
1.60848203331032
2.91037105193405
1.91769184953165
0.488237390784118
2.20587250760983
0.724573656541985
0.763341768042602
0.877898802990208
-0.424735221748138
0.170208912401816
0.253445045521961
0.977422717313158
-0.134918024091795
1.36412104439927
-0.253617756471687
-0.0296847530832063
-1.44395531203567
-1.28265924960456
-0.744250997336954
-0.771534422590903
-2.58258476870514
-1.89749854069875
-0.953588806551187
-0.657136975156117
-2.11992075651235
-2.33165651697214
-1.74874526048505
-1.19487292416284
-1.16764924951788
-1.53665045757223
-0.979973458229758
-2.08135072387247
-1.41865127782268
-0.314619253827432
-1.87671924365317
-0.0689795073113859
-0.613328032392644
-2.27305227980378
-2.27758597148579
-0.84572627754184
-0.0826974967784848
1.76937878699134
0.777715915800174
0.693754583264942
1.06041242249729
0.715259014108217
1.26046080237758
1.08212994158156
0.938673267324749
1.01466554674591
1.05926313369548
0.904934269688765
0.396944970054449
-0.167005912432297
0.0739778843761755
1.56196375166918
1.63771083405504
2.71125362158455
2.78819245320872
4.06232756355856
3.90705009819798
3.75939427576384
2.04982251657253
1.62313733836353
1.46867472696091
-0.439719726650331
0.792545697339598
0.816538700054043
0.449023628621619
1.72876009328516
0.559308833427243
1.58595029848711
1.58930522795976
1.89305742871501
1.0673474937992
0.409202390909307
0.607609739837965
0.517693213029207
0.0824354495515993
-0.0503134840120265
-1.02529424204381
-1.1262258503588
-1.53634839271368
-1.31643747017831
-2.48890657743126
-2.31977414718368
-1.86199089343341
-0.355920109366248
-1.65158244767319
-2.03018018021831
-1.96176957465385
0.469178281464209
0.665649228089433
0.365603967215315
0.996097572535779
0.978689941516508
1.82124944567075
3.98832042356401
1.8835759279898
1.77149272729505
-1.26352843111911
-2.03842879766964
-1.42766803445031
-2.25713477268611
-2.48246341887707
-1.56853328519737
-1.67031798223925
-1.12880725527916
-1.52859393647885
-0.0915361040652212
0.292346573397992
-0.786521895247646
-2.53367280948604
-2.16768765906159
-1.16205950545402
-0.390998311002788
0.480039824661168
1.14618380421604
1.12883847533299
-1.79493827699249
-2.27205890854703
-2.92999949659597
-2.78975244170435
-3.7407304384216
-4.01597278235239
-2.38780153121211
-2.23878268428124
-2.22453761461577
-3.73730263388251
-2.72053211039594
-2.30592955189676
-1.45100221554156
-0.476517979759023
-0.886365665655855
0.605168660231175
-1.42836225887265
-1.54941563605896
-1.63298530659882
-2.16848135630263
-2.88744729028863
-1.97147362137165
-0.614920284002514
-1.46377429961575
-1.40949440900736
-1.36603232570607
-1.46499272604396
-3.10045787477844
-2.48669025191769
-0.923647354356369
0.636974434684902
1.25875915077356
0.747874785717901
0.797437919402916
0.267654074799578
-0.112992060064499
-0.00148081123762123
-0.0172760371316811
-1.0845478206664
-0.0162599591302905
-1.46525291951603
-1.88623539939479
-1.18836915926248
-1.7943193164772
-2.18247511137279
-0.240755961933612
-0.189871162204286
-0.469964153252905
-0.903618313694188
-0.221815757003454
-3.04085537271775
-2.05004733023315
-2.29174720060906
-2.15378446283262
-1.65377882789502
-2.12353041458731
-1.79810816411728
-2.46886268662689
-3.573618873282
-0.998709236684777
-1.43593552433676
-2.15149620049357
-1.91423351311753
-1.77804778092508
-1.15566109848458
-0.38192152877413
-1.51012239263826
-0.690532186906239
-0.36852213243724
1.71779952708853
1.13721935503991
1.59858312912933
3.0853620051011
4.42004844414168
3.18718179354654
1.3865140872019
2.29009870742409
1.3165547340168
1.4304412888557
0.928710838826845
0.988077400337456
-1.14390757430364
-1.14501678535064
-0.704374690551178
-1.34400415008807
-1.83628359248872
-1.55885607680832
-2.14520032118927
-2.81202658589745
-0.940778334314509
-2.5774108655811
-1.28895422980148
-0.363629577673672
-1.07152792739232
-2.02955427560351
0.84072206331749
2.56257019479255
3.24543817632305
3.47289099306615
4.46164338287666
3.21543156576147
3.55324691246974
2.32221115796209
3.39500335535918
3.56798774709962
4.41730101375415
3.6381651980534
3.34684272389909
2.54202576710859
2.62563314938645
1.50416099796527
2.22270397800997
2.58026224201552
2.73204591431827
1.64834646828971
1.35088941755692
1.53032040366089
1.29700030115584
1.34639336151159
0.66845572264111
0.778954673490672
-0.246031315967905
-0.721768559278093
-1.58307166891306
-0.923617079529906
-0.743485046487975
-0.00689002927095883
-1.32263311681469
-0.756882180891349
-1.3852309655437
0.35733400956057
-0.225475217615367
0.16009986113006
-0.363311816716826
-0.689762820562003
-0.430222488818073
-0.266977706690891
0.408827506135158
0.246098537302677
0.593015963670411
-0.856966211486744
-2.19091562248943
-2.52918661148172
-1.89167166258578
-3.00786078985986
-1.14596155711404
-2.08833087751452
-1.27461463343461
-3.28383684131917
-2.91622045533709
-3.52549973359164
-0.619886212709229
-0.557856714786892
0.292150200061873
-0.468336257231209
0.0326742291917436
-2.14277615327265
-1.87549392588463
-1.75578446458799
-1.86400500426159
-0.852386569041692
-0.511083465424699
0.12249222165601
0.174388719361455
-0.0511282216445896
-2.08101805564553
-1.81915254779612
-1.72993828461864
-1.77205865653991
-2.17112395013801
-3.04060766093752
-2.59005301697886
-1.86537699446743
-3.69202311206823
-1.73348890410334
-1.72686119394475
-1.08982117253634
-2.26738594529116
-2.51781547067575
-3.22730974604159
-3.50378259279623
-3.92762147217445
-2.66635594024273
-3.31029602048089
-4.05834102130533
-4.20922824486892
-2.01665100292034
-2.53129663218145
-2.22925376415381
-3.98471570950905
-2.92466623549259
-3.5513527597617
-2.79497605488268
-3.60588547029173
-4.01213336430667
-4.55013692213405
-2.2491998031163
-2.23984488239702
-0.705649393459624
-2.08201106648813
-3.30153906565221
-3.3203952595043
-2.07225397791601
-3.98017095493692
-2.77361204454613
-2.5695730798685
-3.35824711257823
-3.88867354697334
-1.7997087877649
-1.50610613040542
-1.73873304921646
-1.96341709456714
-1.82942348666417
-1.29555443220702
-3.75323176128661
-3.02203299022157
-3.1920796265547
-3.2613767229801
-3.5261049042223
-2.3179347008771
-3.68714236419842
-3.41652645335977
-2.18099364257123
-2.10082864410063
-0.492182872621694
-1.17089255379313
-1.54390642926266
-0.799059235721989
-0.836822442775242
0.199127828876429
0.114975563259819
-0.347706738368941
-0.835790676222287
0.00394393797450254
-0.990386009572835
-0.790247214156893
-0.972788660429353
1.81078167830317
2.5792360820643
2.94895817356316
3.35732135062542
2.00084532714427
0.960183036688139
-0.0310727318599111
1.32196736286884
0.195155252907444
2.14518973880086
-0.100960123811669
1.21884878505406
1.21544623050346
3.09927823006878
1.56582420952727
1.23374738706722
0.265079345839919
2.35425580919668
1.46002692683704
2.73821182530501
3.8890432043116
3.01260749578545
3.44588327648912
2.75483765079828
1.81426208558172
2.03611891655589
2.27496736849787
3.39989967898525
2.65804010484606
2.42145395595309
2.54053329354248
1.26191577433071
0.572501775519523
0.321523843756154
0.796639982753126
-0.7521811677348
-1.1040663126447
-2.22094225529344
-1.36922830634128
0.419188615871181
